59132.7608200286 -5.41349582447788 0.666073764759636 -8.12747192712421 4.38336097967296e-16 3.53879620492705e-14
41875.0461041752 -1.46141539972117 0.245823601816065 -5.94497594585999 2.76497455318215e-09 5.83128992705221e-08
36957.2167235878 -7.22515264218949 0.736621747679387 -9.80849759724203 1.03497981448519e-22 2.11586599170965e-20
32254.5714149756 -2.15769201356048 0.300781614908829 -7.17361669267753 7.30419366090779e-13 3.54715151923395e-11
25623.5734882517 -1.7092246853779 0.30201184769454 -5.65946236356475 1.51847944646946e-08 2.6880903608939e-07
23833.3333599967 -1.48906333317606 0.210754217977217 -7.06540228455612 1.60151349905736e-12 7.27569304679286e-11
19998.1915037922 -4.38035758966695 0.709682780462355 -6.17227543102168 6.73141008998914e-10 1.64711627201954e-08
20668.8817737537 -1.32968831462799 0.230578286310791 -5.76675425905339 8.08127532396783e-09 1.54728345515547e-07
18929.561328131 -3.58920854614308 0.624131961301791 -5.75072063070899 8.88638521677725e-09 1.67861300480852e-07
17559.6720597708 -1.05203909777283 0.249117987991684 -4.22305553386192 2.41012404102112e-05 0.000178749691164088
18058.7748265449 -3.12399021055616 0.399310825681438 -7.82345483678025 5.13929999250536e-15 3.44659404259288e-13
16175.843556106 -3.86605359735261 0.762775271759585 -5.0684044704731 4.01164233558378e-07 4.89389476453555e-06
16499.3718704932 -1.94743817154907 0.219328807179727 -8.87908066701544 6.74152069991429e-19 7.98586681041249e-17
17341.9151435453 -2.26613677688105 0.298350523310886 -7.59555154029241 3.06484214371812e-14 1.83239972507675e-12
17340.3376699613 -3.09095127360898 0.306552717402171 -10.0829354892128 6.5732417438968e-24 1.60222767507485e-21
15825.7978870166 -1.0863975357082 0.27734319663758 -3.91715949365024 8.9598472407004e-05 0.000545728321844678
14842.4825833659 -3.46997532762344 0.421512356298196 -8.232203103362 1.83801270712387e-16 1.5956719906024e-14
14340.7132203221 -2.78150280788279 0.30796142522714 -9.03198446309068 1.68586365426962e-19 2.20291977503788e-17
12103.5753175023 -2.68304704589253 0.444710498105487 -6.03324422814976 1.6070025768937e-09 3.54239263689176e-08
13440.1502001752 -2.29659780040913 0.275315849045213 -8.34168395453318 7.32399826650706e-17 6.67853798762425e-15
12295.8090499018 -1.24585029382276 0.182009520918188 -6.84497320545534 7.64901868151275e-12 3.02029008685901e-10
12991.741404359 -1.6249370215715 0.448134181279366 -3.62600553462026 0.000287839187126078 0.00147289531563304
11624.39200499 -1.13333316195257 0.224690767783986 -5.04396853119546 4.55974322895467e-07 5.48857981263062e-06
11957.0920224615 -1.03758998763477 0.211587073982584 -4.903843926308 9.39791708348578e-07 1.0376184584772e-05
11182.0776487474 -1.15090315144118 0.216036546441895 -5.32735396115364 9.96538451203237e-08 1.40658406113597e-06
10093.5308777921 -1.47813653980174 0.24811376906676 -5.95749500465659 2.56133539963306e-09 5.41985412192804e-08
9286.09300249868 -3.13119956046579 0.266843485917299 -11.7342177183078 8.51095794965271e-32 4.31505568047392e-29
9136.95749565516 -1.08143814803785 0.234163788668918 -4.61829796223054 3.86900429871803e-06 3.60903842465332e-05
9598.20910594915 -1.14454272214928 0.166105802748167 -6.89044394123013 5.56185414534911e-12 2.27408068684839e-10
10484.7120580259 -5.47655992515008 0.412334319127053 -13.2818435699081 2.95039653453394e-40 3.73962760752177e-37
9278.12072284263 -1.84156843845234 0.25225266132405 -7.30049161339317 2.86718165338798e-13 1.48332765129358e-11
8926.81284314917 -1.13152181887097 0.118012720626475 -9.58813433724975 8.96921195220045e-22 1.57895502075195e-19
9476.06173979041 -5.91943257980335 0.455717980890004 -12.9892451648339 1.40808958330293e-38 1.27482396202604e-35
9776.66956305146 -1.66761568488205 0.272022048204143 -6.13044308684334 8.76346628824912e-10 2.07620439632818e-08
8242.85838867469 -3.5171656492339 0.42690831449723 -8.23869090808427 1.74105083281388e-16 1.52191857282179e-14
9713.45484512499 -1.55181437212607 0.326156346798604 -4.75788494492885 1.95631944481177e-06 1.98529615396231e-05
9087.93645228925 -3.56371822926024 0.376693815002013 -9.46051696983979 3.06424444152647e-21 4.91636687295544e-19
8817.5160054228 -1.38649585939808 0.215325164438521 -6.43907953356724 1.20200206806654e-10 3.58479440299845e-09
8055.11488686259 -1.75351429040911 0.394863328138764 -4.4408132268816 8.96195541706145e-06 7.53267804451286e-05
8237.5447155163 -1.57446200964659 0.131115337786928 -12.0082214348195 3.21689156502501e-33 1.94162383746153e-30
8373.54423198589 -2.28359370960712 0.281729958746427 -8.10561191208809 5.2480711223486e-16 4.09609540915235e-14
7609.94357077304 -2.63769891905865 0.346344317713586 -7.61582848095094 2.62005419668347e-14 1.58895631306043e-12
8078.22327827041 -4.39731424295884 0.414126981344888 -10.6182751693175 2.45047013748471e-26 7.22318813781831e-24
8041.39405296789 -2.18128568670525 0.234795387785059 -9.29015560008393 1.54062934261787e-20 2.32469963305733e-18
7655.08491372538 -1.28074880211376 0.280144955409913 -4.57173608655471 4.83699907644933e-06 4.3792116638568e-05
7244.3543088873 -2.1402789394441 0.604757923592852 -3.53906721342112 0.000401543599124325 0.0019560204146429
8451.19695197135 -2.48329216719812 0.304993977737969 -8.14210229859557 3.88472803025199e-16 3.15634152457974e-14
7672.35362560238 -6.19248943391991 0.542815650880812 -11.4080893280647 3.81006485398571e-30 1.66526110428513e-27
7092.92640299767 -2.02275829872673 0.341523071856077 -5.92275739303243 3.16587730673213e-09 6.60796238996278e-08
7827.4162464478 -1.39284329667879 0.243451464118423 -5.72123606535908 1.05751840901476e-08 1.95109837471063e-07
7477.15676807055 -1.06811812135686 0.0873880231617778 -12.2227060724271 2.35125531926221e-34 1.56853479850781e-31
7553.98375650931 -1.57060011278884 0.193440052437606 -8.11931186430709 4.6883434678727e-16 3.7610603452713e-14
7177.97764861053 -2.19653268183065 0.367360650894085 -5.97922688912029 2.24199105403011e-09 4.80833106765342e-08
8301.3458984626 -6.21073351748126 0.621699787580693 -9.98992382102936 1.68711349697797e-23 3.88802974076287e-21
7348.9134590736 -2.36846283583289 0.221385994439144 -10.6983408857147 1.03616825169425e-26 3.2032762415182e-24
6628.9137010506 -1.36341313495692 0.254599507398079 -5.35512872310923 8.54955297814869e-08 1.23142709088676e-06
6757.04648750718 -1.36917607435971 0.223238348617032 -6.13324763796991 8.61029584679952e-10 2.04373595240045e-08
6293.48280725282 -1.34844494680425 0.182217351014588 -7.40020058076851 1.35978944649517e-13 7.30310645522301e-12
6629.48785898688 -1.22356583633931 0.201295125584437 -6.07846728919456 1.21336727466934e-09 2.76320452002346e-08
6020.9466853638 -6.76839869671592 0.674077137126418 -10.0409854064618 1.00663463653977e-23 2.36279518854475e-21
6541.98674564785 -1.00182762283596 0.224107964368855 -4.47029013742264 7.81135583806641e-06 6.69884541593313e-05
6056.3615417178 -1.00899229941125 0.136215076936054 -7.40734669103424 1.28851302872676e-13 7.00940027429685e-12
6249.89473701059 -1.23579065764248 0.289582202364653 -4.26749519670524 1.97680026102296e-05 0.000151670359010085
6836.60572635385 -6.74469990537794 0.539114969733177 -12.5106893409324 6.5255456943933e-36 4.86537009861383e-33
6469.48808374013 -1.81248566444227 0.197796075540355 -9.16340559078728 5.02847947753919e-20 6.92782362802275e-18
6438.35386036438 -6.39274942481207 0.415646356254446 -15.3802609565008 2.22050906828205e-53 4.69082540674583e-50
6095.5295598183 -1.99541211621772 0.158379824879491 -12.5989034129568 2.1410041944925e-36 1.80914854434617e-33
5720.15155596821 -2.6841041566515 0.881512806226519 -3.04488390604478 0.00232770142063227 0.00852459274964288
5533.82994943445 -1.0171102381661 0.194828823275458 -5.22053267615368 1.7840922345441e-07 2.36541517498393e-06
5854.61712289424 -1.00793447928421 0.143550201528915 -7.02147728494263 2.19534511950643e-12 9.7293704159944e-11
5890.81170205674 -1.48041595790592 0.234756020085245 -6.30618953826339 2.8598878303616e-10 7.63138489470175e-09
6007.01211750951 -3.07715300953993 0.427546017502135 -7.1972440008158 6.1441757050015e-13 3.01850492484085e-11
5441.7472134056 -1.13831537236535 0.270845212348356 -4.202826265584 2.63602906037873e-05 0.000191874526352271
5947.76992870729 -2.76993734438957 0.406758766434485 -6.8097790950394 9.77487244924594e-12 3.77733256994489e-10
5164.4728645261 -1.18875627026064 0.207490841412077 -5.729198754849 1.0090611106227e-08 1.87534451277753e-07
5257.11012506641 -1.68156705404847 0.241691317719899 -6.9574988043107 3.46366888498512e-12 1.48820349549784e-10
5996.66893327921 -3.00927179970801 0.769053549305176 -3.91295482925321 9.1173594315676e-05 0.000553725590776805
5307.35109717959 -6.04752222000373 0.210221693290544 -28.7673556679307 5.49519188663841e-182 6.96515571631419e-178
5478.32408852 -2.28926730617466 0.119714125141573 -19.1227835768535 1.63162860099557e-81 1.03404462588095e-77
5506.03811024145 -1.66358323262193 0.196794672747201 -8.45339566055705 2.82950796257594e-17 2.84635027187699e-15
5626.46592334162 -1.25205015065024 0.29820469771923 -4.19862651469388 2.6853880769088e-05 0.000195056125357129
5830.90248151509 -6.13523258688888 0.742627537433242 -8.26152044953006 1.43828503253308e-16 1.27484355156341e-14
5618.97661502902 -1.81957006117434 0.327838049072754 -5.55021013064454 2.85326436547505e-08 4.66045435984488e-07
5199.98329789984 -1.34617223650191 0.246356747886598 -5.46432053536271 4.64683221513755e-08 7.2091307621626e-07
5153.47539807603 -3.1784085990183 0.327601263770021 -9.70206452332117 2.9545866990723e-22 5.42744730590456e-20
5592.02294392494 -2.24634547193929 0.25085820074956 -8.9546423645998 3.40838689717064e-19 4.23542195310175e-17
5162.22313081775 -1.29256747314143 0.155426131986934 -8.31628154556462 9.07660580405047e-17 8.15928926002409e-15
4674.7998870866 -1.21907898550901 0.361929954894137 -3.36827325018064 0.000756405881390635 0.00334523536169794
5174.49990021879 -1.30859008875411 0.187237718586015 -6.98892348526962 2.77003430207815e-12 1.21488528646507e-10
4860.76490974505 -1.10634268304703 0.0897670043749999 -12.3246029067129 6.67715854998119e-35 4.70183247894509e-32
4752.31012048793 -1.38016674611878 0.198580531683222 -6.95016140011368 3.64868530422247e-12 1.55191564533623e-10
4715.78065275733 -1.10815387010505 0.228872941816623 -4.84178628242092 1.28677119468437e-06 1.3659819843069e-05
4930.44642755095 -2.84679147042414 0.611732092043193 -4.6536572258549 3.26098736139242e-06 3.11477127397505e-05
5065.89797433595 -4.04220553673963 0.406676807796054 -9.93960181463499 2.79943888660265e-23 6.11773929098079e-21
4459.93696315468 -1.35617570958309 0.235156757408609 -5.76711349708992 8.06407477285253e-09 1.54632598707876e-07
4412.09293905316 -1.05986573793946 0.225142457599031 -4.70753383987231 2.50731667952162e-06 2.4886639712558e-05
4431.35527845785 -1.06623229398159 0.153646726754383 -6.9395054258855 3.93475009890933e-12 1.66243191678919e-10
4351.00920134062 -1.19272300008174 0.228528575630732 -5.21914161846003 1.79754279642572e-07 2.37827295873653e-06
4336.89360705157 -6.47763503070993 0.677678757132584 -9.55856290688275 1.19403135226383e-21 1.99136149867685e-19
4371.75662393551 -1.10078147520418 0.178367997855146 -6.17140680189805 6.76850242444882e-10 1.6530013146414e-08
4488.78999790509 -1.51946169963132 0.204230792924192 -7.43992459646044 1.00742787545577e-13 5.5760473019222e-12
4533.80632841044 -1.2252819496735 0.337164553139088 -3.63407700562178 0.000278977537672549 0.00143391739253834
4544.05684964453 -2.32827020093426 0.250677292747474 -9.28791824507095 1.5733536841873e-20 2.34614799377341e-18
4423.93262574093 -2.1083060004554 0.263142797006229 -8.01202246248639 1.12837250849918e-15 8.56414463786055e-14
4796.83189419704 -1.88425160316524 0.292023591884949 -6.45239513356714 1.10096065088768e-10 3.3146499406179e-09
4417.46511051607 -2.15469262995774 0.314448065359142 -6.85230048242398 7.26717050148651e-12 2.90572195919058e-10
4296.74148904329 -2.79088171770262 0.392193304727878 -7.11608710311631 1.11034140228084e-12 5.1551565105896e-11
4027.78910885238 -2.50248896347962 0.215579343985387 -11.6082038158965 3.7439765873351e-31 1.75758900905453e-28
4001.10388035511 -1.26322974787648 0.149843624675315 -8.43032027964939 3.44720426716025e-17 3.36102416048124e-15
4097.06707460997 -1.49426516075201 0.226944270520922 -6.58428237611864 4.57087688196537e-11 1.51268575662953e-09
4179.84997924222 -1.15410620644268 0.174051411684299 -6.63083508070617 3.33793013154477e-11 1.13709006116876e-09
4212.9095560842 -2.67458512152244 0.241948978126734 -11.0543352661795 2.08878402811946e-28 7.56438215897548e-26
3968.74002062927 -1.48830997251785 0.165083216441807 -9.01551353672882 1.95950222786811e-19 2.48366907382283e-17
3936.63838510768 -1.15801164072214 0.230458541780855 -5.02481544738446 5.03916885042845e-07 5.99732067410147e-06
4038.61800804934 -5.02166831413889 0.598896831867251 -8.38486371430994 5.07845594817695e-17 4.76810586245503e-15
4630.48345797492 -2.88370622717727 0.588819998007969 -4.89743255482678 9.70969444366929e-07 1.06554439024683e-05
4117.93614409453 -1.37186584447847 0.2988101008044 -4.59109595286569 4.40924555105172e-06 4.02645442071906e-05
4300.94122313874 -4.10899816082037 0.572242797537598 -7.18051529613248 6.94491587632278e-13 3.39871848387611e-11
3473.09186049473 -2.76268293609962 0.57553963913815 -4.80016101104112 1.58538117098365e-06 1.6525251926166e-05
3792.40885894995 -1.77078466161823 0.180945909346754 -9.78626523258288 1.2897199538139e-22 2.59479371660177e-20
3764.92739529324 -3.59114287487158 0.275346708407075 -13.0422582337988 7.03422665477201e-39 6.85837098840271e-36
3959.48054001348 -1.40567579008606 0.241177922784173 -5.82837671814588 5.5969120481165e-09 1.10499782258375e-07
4121.18781855343 -2.11470917418685 0.22778084787437 -9.28396392375005 1.6328803341052e-20 2.40659979474226e-18
3687.99669942203 -1.06484469873696 0.211508513573661 -5.03452405175223 4.7903753175163e-07 5.72271509420538e-06
3580.80663514011 -1.37559948280276 0.157634884715806 -8.7264915077825 2.62695067247786e-18 2.8703965322118e-16
3381.21187714176 -7.50254976248847 0.697270306198108 -10.7598870851054 5.32353547484417e-27 1.68689530359125e-24
4072.20700246747 -2.47080762469263 0.456881168374587 -5.40798744995956 6.3736889581236e-08 9.5605334371854e-07
3767.57607261221 -6.29161339569824 0.405161552931397 -15.5286535708475 2.21991970747744e-54 5.62749645845532e-51
3243.19064204711 -1.98947940292706 0.31424927869171 -6.33089568641083 2.4374209471531e-10 6.68708019592327e-09
3367.71021364322 -1.76288716544107 0.392677135712037 -4.48940619433939 7.1421990520757e-06 6.20050499897668e-05
3394.1763264191 -1.32533540366602 0.218986018785319 -6.05214621014366 1.42928651089274e-09 3.18386757918551e-08
3357.2369958354 -1.15088433097055 0.157373444895682 -7.31307833881016 2.61090692406398e-13 1.3618619449593e-11
3265.35180473015 -1.12834977056401 0.269782606778703 -4.18244075864228 2.88396179247996e-05 0.00020745865902204
3350.99941235092 -1.22603067479532 0.126259706798897 -9.71038746944115 2.7229999661032e-22 5.1513469507997e-20
3100.31677074192 -3.50451374135231 0.541467768388641 -6.47224811142763 9.655539944273e-11 2.97048467945777e-09
3251.10414649817 -1.66118290015315 0.171107385965119 -9.70842310975283 2.77598378083662e-22 5.17435212089768e-20
3666.16362012587 -2.19461908457898 0.350200984370913 -6.26674162130443 3.68681135232996e-10 9.42143828443192e-09
3326.34815100501 -1.14112993306176 0.221319587478714 -5.15602774278403 2.52243540131777e-07 3.25579111117136e-06
3221.16160534846 -1.35999691742422 0.202581920657916 -6.71331831096982 1.90247467376617e-11 6.85053025283698e-10
3145.13219461072 -1.27679054293069 0.407713002638857 -3.13159142501433 0.00173861644146245 0.00671244696787589
3251.00618607781 -2.7029956182376 0.295292886644943 -9.15360897767797 5.50625967692117e-20 7.50449907580385e-18
3116.26998434032 -1.73660901063327 0.206817983715336 -8.39679886360142 4.58814977099407e-17 4.33991032442909e-15
3109.87963041816 -3.28906260454083 0.262021253239892 -12.5526558012817 3.84397565430212e-36 3.04514946364246e-33
3062.53838847599 -1.13808989524481 0.170225760476492 -6.68576772433909 2.29717137669408e-11 8.08795755544372e-10
3098.1026071981 -1.20295151685015 0.276036004063414 -4.3579514959715 1.31285468857792e-05 0.000106125211592635
2827.20051609865 -2.05329857361351 0.412660913408666 -4.97575250501151 6.49946479029433e-07 7.49597053839679e-06
3115.69630566623 -1.57430587444041 0.259576321200072 -6.06490556288836 1.32031208077964e-09 2.98305804347271e-08
2901.36337211635 -1.05941826767585 0.184194752991793 -5.75162023058853 8.83921844240554e-09 1.67219542921627e-07
2867.2020238643 -1.38728182205822 0.12727325332571 -10.9000264062393 1.15223844106974e-27 3.94719520015108e-25
3003.62130748097 -1.43752167209823 0.408801321765997 -3.51643107680822 0.000437390203156265 0.00210715348726935
2760.87081571773 -2.14644598200135 0.228116542078038 -9.40942713951478 4.98848254073293e-21 7.90362702547374e-19
3011.69178729453 -1.69797009465418 0.344200985125704 -4.93307738219889 8.09440680013647e-07 9.12781193876599e-06
2827.48669263621 -1.15694245774683 0.120993483578359 -9.56202287536875 1.15477159168494e-21 1.97713778862269e-19
2710.19659105286 -1.00942304599575 0.340350909916769 -2.96583031390337 0.00301866990756802 0.0105636778239715
2760.11016581805 -9.04586527187867 0.502518699732369 -18.0010520537769 1.91153199774052e-72 8.07622269045369e-69
2645.16830743126 -1.62622050712858 0.189818277910513 -8.56724929247982 1.05986281461931e-17 1.09217570530892e-15
2785.8780196996 -1.78015168373327 0.12680888616557 -14.0380673433956 9.11650164047683e-45 1.28390731436715e-41
2714.39815565485 -1.6338242599886 0.207763312228953 -7.86387280054594 3.72435741017885e-15 2.57957541934518e-13
2750.80917591308 -1.43844696165317 0.188224516271573 -7.6421870548349 2.13562604889465e-14 1.31403204707474e-12
2765.74823825719 -1.49691551210179 0.230345350410702 -6.49857055691733 8.10867638407792e-11 2.55030950789548e-09
2710.60845831831 -1.84042844847015 0.190779206430263 -9.64690273592734 5.06627879346336e-22 9.04437798692226e-20
2599.13489753487 -1.09564235658873 0.181106773172694 -6.04970392545166 1.45112273392281e-09 3.22118750481115e-08
2585.98719904303 -1.08219314745486 0.195732425976508 -5.52894157447752 3.2216860951203e-08 5.17552233911911e-07
2529.88432692201 -1.10295175773156 0.203027503611274 -5.43252386062593 5.55625212297123e-08 8.46460284358899e-07
2501.57254943425 -1.02237403393524 0.344463344255545 -2.9680198226746 0.00299725000496986 0.0104974147037836
2518.75836521173 -1.12217299507863 0.16065485776345 -6.98499261523066 2.8487096556063e-12 1.24508258223482e-10
2405.78546236188 -1.30162337683204 0.202054773774116 -6.44193330610029 1.17961118978495e-10 3.53465055095136e-09
2412.70849466196 -2.67068524945975 0.263493948989038 -10.1356606468821 3.83770555017367e-24 9.72858356969025e-22
2392.34630921887 -1.62059310104441 0.397119231386603 -4.08087287887282 4.48668896576795e-05 0.000304273850407217
2414.36437412352 -1.76536979071494 0.155497510064491 -11.353042180436 7.1626418318027e-30 3.02621617393664e-27
2440.22718687526 -1.45609995444104 0.164308127640748 -8.86200807804672 7.85859036430071e-19 9.13831494197353e-17
2733.76358169026 -1.89961669735386 0.385362797557702 -4.92942419297602 8.24723289577569e-07 9.26716994272667e-06
2431.41396018978 -1.65388628261825 0.339885424785243 -4.86601119675332 1.13873069155509e-06 1.2367961881286e-05
2320.49159716509 -1.32723730244566 0.199059289992539 -6.66754765625565 2.60113013604236e-11 9.05750672371895e-10
2310.95080377783 -1.66168321816222 0.254143161619809 -6.53837470019379 6.21909561483617e-11 2.01089379892981e-09
2255.03707496498 -1.38302755106057 0.324468628898973 -4.26243842356541 2.02208228092566e-05 0.00015458319005267
2344.97290848759 -2.72432453861429 0.390111940940126 -6.98344309084458 2.88032153784289e-12 1.25457304096765e-10
2410.67456863097 -1.69100680657199 0.213891486999085 -7.90590981575261 2.65983695464875e-15 1.9047137514222e-13
2254.44179416262 -1.15221137690579 0.129628207596908 -8.88858527218638 6.18918775750636e-19 7.4007504553201e-17
2366.97033376139 -1.98409641060083 0.207986726051422 -9.53953383597317 1.43475782956029e-21 2.36176045320477e-19
2255.82142672554 -1.1527605345579 0.16582103890997 -6.95183519615852 3.60564483817878e-12 1.53877267083892e-10
2186.4145483587 -1.51951271841474 0.169659557873919 -8.95624589298973 3.3592037723842e-19 4.21563443712572e-17
2333.28159140368 -1.85192474971003 0.35461837376282 -5.22230343019015 1.76711098186857e-07 2.347812546665e-06
2201.93157223476 -1.33764077173522 0.231298995731277 -5.78316722693119 7.33071237830077e-09 1.4229215833838e-07
2120.82219898424 -1.17919763209811 0.164642402351931 -7.16217459933267 7.94071924768043e-13 3.81244759334657e-11
2165.02639312972 -1.60164438818314 0.27347811784256 -5.85657236790404 4.72517739418482e-09 9.46155189119947e-08
2180.94868614362 -1.50989435757587 0.203854441383918 -7.40672779717515 1.29453788639501e-13 7.01208021797296e-12
2125.03532515081 -2.1161930855481 0.427259525585355 -4.95294536183568 7.30985049772952e-07 8.32456020293995e-06
2108.48206638424 -1.04650518004549 0.114399600416552 -9.14780450486675 5.81023256488152e-20 7.83454231488013e-18
2330.10047665566 -1.73938458555654 0.299851914253235 -5.80081201044984 6.59945537588795e-09 1.28294627130951e-07
2075.25564440869 -1.03242617169182 0.26631503027053 -3.87671011524604 0.000105878378755074 0.000623609874870149
1946.04949391006 -1.82490139280041 0.328458727599231 -5.55595342568295 2.76100490087658e-08 4.53900611136326e-07
2138.43935536523 -1.353248405019 0.194880614353302 -6.94398675573586 3.81186255041539e-12 1.61589825506739e-10
2066.3275329939 -6.04211889657732 0.460166789652441 -13.130280221093 2.20837815234023e-39 2.33259942340937e-36
2094.95947107349 -1.1093093261453 0.161354642967396 -6.87497617511663 6.20002201467695e-12 2.52685784681769e-10
2096.93136252174 -2.79372131431223 0.251081921155829 -11.1267322691002 9.29819233372655e-29 3.682955869687e-26
2225.570351424 -3.46760076143485 0.373108461634505 -9.29381431405781 1.48855993463109e-20 2.27319243029507e-18
2134.70147402301 -6.06922149146452 0.682252587215813 -8.89585705527662 5.79701582859036e-19 6.99782625022694e-17
1888.62434669917 -1.77308538047011 0.199208254428641 -8.90066220175252 5.55144732540198e-19 6.76582642783366e-17
1876.68639059218 -2.96706671749918 0.571130295388157 -5.19507849865095 2.04633475170625e-07 2.6767072216591e-06
1841.87503635999 -2.22867522010025 0.316005685778563 -7.05264278587054 1.75551115637263e-12 7.83489574190952e-11
1871.60368245511 -1.84035245514901 0.307579980107898 -5.98332978142277 2.18621493638093e-09 4.69665666417429e-08
2131.58654852209 -2.46294663531074 0.346933753085443 -7.09918424888503 1.25495411476399e-12 5.76324036399768e-11
1878.2473492058 -1.43994984158638 0.219486467714246 -6.56054041318428 5.36131218052492e-11 1.74690570406564e-09
1964.45577420818 -1.89578705555105 0.309386737063564 -6.12756407577213 8.92346673583224e-10 2.11016680740063e-08
2042.4421282587 -2.10995655738887 0.310595526023942 -6.79326126940485 1.09626580152811e-11 4.17272343374439e-10
1911.09758734153 -1.06647144488269 0.25877442228366 -4.12123978664963 3.76838946285729e-05 0.000260012718789963
1942.65104460081 -1.6277119686937 0.226008305423087 -7.20200067712832 5.9335398074789e-13 2.92636642256012e-11
1797.34961491628 -1.4531359911765 0.136242376022135 -10.6658150980897 1.47103503812031e-26 4.43937359718451e-24
1796.52198153535 -2.14552907462114 0.141759918967101 -15.1349485119208 9.52552294154581e-52 1.72480004691562e-48
1680.99236447175 -1.17055616047725 0.209367480756932 -5.59091677583025 2.25873830137819e-08 3.81726772932913e-07
1794.90899603151 -1.60658412637731 0.209631972993017 -7.66383153981396 1.80466574131595e-14 1.12680484094481e-12
1703.62511368086 -1.10124894013425 0.134225672877512 -8.20445833144901 2.31632837119564e-16 1.96482558582674e-14
1817.8121289817 -1.47059342398728 0.28159201131591 -5.22242593855926 1.76594194299649e-07 2.347812546665e-06
1696.84283809949 -1.47468375072981 0.246981297354404 -5.97083166428479 2.36047198532512e-09 5.03686572626193e-08
1709.17974914055 -1.00449929084072 0.158648158402973 -6.3316164584101 2.42605949454063e-10 6.67034795950161e-09
1705.68001662003 -1.44861928568316 0.258679402802454 -5.60005655645271 2.1428188282282e-08 3.65548164842428e-07
1690.61545883299 -1.09233150410278 0.237094662940354 -4.60715349116728 4.08218673933047e-06 3.77401290452325e-05
1666.19358105535 -1.65066964233961 0.319451333341713 -5.16720223100121 2.37624112256971e-07 3.08278978798067e-06
1643.8208424083 -1.61081691072247 0.367120233551946 -4.38770943006208 1.14550671957965e-05 9.39760367033786e-05
1504.51153008035 -3.96301418791062 0.484080711966607 -8.18668062978722 2.68529518421999e-16 2.23196488752069e-14
1680.63137233047 -1.17368563794247 0.312834244970426 -3.75178119663153 0.000175582672254672 0.000961343572711865
1746.96482834223 -1.55213747921837 0.334964620272782 -4.63373558065438 3.59125650982459e-06 3.38181101500941e-05
1667.41478492974 -1.81521488453057 0.182724639806168 -9.93415494733565 2.95672259998816e-23 6.35194219573728e-21
1653.09821693649 -1.59489904500088 0.133941715835099 -11.9074108843314 1.08287662709724e-32 5.7189421868573e-30
1610.14777586177 -1.82469924943026 0.233101883092147 -7.82790437050627 4.96069021410912e-15 3.3445078970124e-13
1562.74503939696 -2.94501278012721 0.270502170402411 -10.8872057320135 1.3264787495477e-27 4.42450477645188e-25
1514.78915922316 -1.05624913983739 0.166941439889324 -6.32706379277456 2.49870074967524e-10 6.81097462411477e-09
1523.00884691232 -2.8868085917568 0.467436164658967 -6.17583492681395 6.5814724610991e-10 1.619182447887e-08
1667.38343349162 -1.34024269624631 0.186697942573128 -7.17866880467279 7.03934394457742e-13 3.43168017298149e-11
1426.31896093321 -1.48576657973136 0.370469970079708 -4.01049126711051 6.05925416566255e-05 0.000391654293816543
1507.09813581209 -1.69699772348272 0.318040090467665 -5.33579814100592 9.51251831702121e-08 1.35005373237247e-06
1521.73740108015 -1.13776790769564 0.228051274416538 -4.98908813645782 6.06649662154487e-07 7.04146929286458e-06
1486.9445561226 -3.07217164325464 0.254594416916103 -12.0669246422124 1.57926542607363e-33 1.00085946377416e-30
1434.18324735976 -1.0588075657288 0.144532801809348 -7.32572504285544 2.37610523957994e-13 1.24450966577173e-11
1371.04251467209 -1.23049004188925 0.2053795065751 -5.9912990463793 2.08171441984944e-09 4.48736909380811e-08
1521.97452861776 -3.43691870379464 0.323918626146519 -10.6104386298552 2.66495044375807e-26 7.67687428968945e-24
1504.95520997755 -3.26940766549721 0.35552650996693 -9.19596028380928 3.71659925028196e-20 5.29302196599145e-18
1415.43720678707 -1.89207060981249 0.297503519028131 -6.35982598119648 2.01982444792478e-10 5.72735455871289e-09
1332.29082821854 -2.50338230863554 0.37274067734245 -6.71615002280954 1.86588692857765e-11 6.79601058037979e-10
1261.33218685916 -1.06963778753918 0.175654414341246 -6.08944438743899 1.13303213757893e-09 2.61112406251145e-08
1375.98125500275 -2.53451194809788 0.411751954816936 -6.15543391706474 7.48722113934167e-10 1.81107877750297e-08
1299.26184190469 -1.01101668852912 0.250634485392399 -4.03382913147907 5.4875227599932e-05 0.000360385238253439
1536.77142657579 -4.56170793743802 0.412333485428173 -11.0631517901125 1.89325525593374e-28 7.05794422616476e-26
1274.06749867369 -1.45290505180176 0.190705637242733 -7.61857422155005 2.56492990488384e-14 1.56300416078859e-12
1181.65642410511 -1.45901147676794 0.554701099921676 -2.63026606035927 0.00853180672468058 0.0248199793975961
1241.04149326333 -1.00341223236538 0.23186465503164 -4.32757736287344 1.50758399968504e-05 0.000119953717489064
1357.61516454679 -1.40221405259456 0.285422212007137 -4.91277130372565 8.97979986273048e-07 9.96663426095524e-06
1288.23685718788 -1.03819855234314 0.168675067281857 -6.15502082834983 7.50676292313319e-10 1.81234704858501e-08
1161.59933750669 -1.75012656730218 0.339271322612985 -5.15848658773495 2.48953937993547e-07 3.21660669120103e-06
1186.9040258869 -4.0605242019795 0.258715085418688 -15.6949649666088 1.6373301980923e-55 5.18829006520498e-52
1158.56878682942 -1.00293535849475 0.156407522808649 -6.41232173801357 1.4331996568795e-10 4.17604727607993e-09
1333.26163586435 -3.37525753349017 0.440793043235996 -7.65723866400291 1.89973398960697e-14 1.17459162528138e-12
1027.59321642599 -3.16083248072601 0.920854831372178 -3.43249812352726 0.000598048020352065 0.00274746598693817
1155.14872596601 -1.64820185516752 0.187684598459805 -8.78176402695346 1.6093044914078e-18 1.82124414541017e-16
1181.32312497559 -1.46843741408586 0.236786541302547 -6.20152398024013 5.59189975654671e-10 1.38432284012167e-08
1130.93402396162 -1.1997769762557 0.118120412190582 -10.1572366198648 3.07673248770636e-24 7.95869066973024e-22
1128.76179587829 -2.25303417061029 0.255035652331522 -8.83419298444422 1.00823463136057e-18 1.16176126840865e-16
1101.95461283157 -2.76704143728818 0.56992165425934 -4.85512599250888 1.20310224564736e-06 1.29231533589664e-05
1116.45629479691 -1.02634798020007 0.174406469029911 -5.88480453683196 3.98524693812854e-09 8.10802647524547e-08
1086.01199225514 -1.04886206538686 0.133313951136739 -7.86760917700995 3.61482767353885e-15 2.51746927264313e-13
1069.62149706718 -1.57500035363162 0.429942441611537 -3.66328187496007 0.000249004264989449 0.00129775043533769
1245.29430733931 -2.39495252233036 0.259070019619788 -9.24442174299132 2.36516097616955e-20 3.44579487045392e-18
991.300082625379 -2.11497650252673 0.209748706987126 -10.0833827912777 6.54337691662858e-24 1.60222767507485e-21
1018.76648786936 -1.08292830670861 0.214308418384793 -5.05313003973647 4.34627759706479e-07 5.2565905098088e-06
1223.28366134551 -5.27513781868271 0.644387524248283 -8.18628173293155 2.6942061364155e-16 2.23196488752069e-14
1080.60410315788 -1.22912903621091 0.201885169673901 -6.08825818259102 1.14145694502696e-09 2.62100847431463e-08
1085.73637640239 -1.46462642585358 0.274727781757449 -5.3311915398009 9.7570440063202e-08 1.38179366234758e-06
986.174004411236 -1.31629275007218 0.255052312574745 -5.16087361366868 2.45800087360637e-07 3.17909806866947e-06
1018.42290583017 -1.02372802155468 0.1837396286727 -5.57162343774121 2.52376453672181e-08 4.18711131197394e-07
1172.89155463106 -2.55192486301055 0.47881837234169 -5.32963021141024 9.8412940523642e-08 1.39216966644773e-06
980.732876278382 -1.10876044608025 0.129343926374767 -8.57218794230565 1.01537202318546e-17 1.05490495031768e-15
1094.13202748603 -3.88727581104655 0.683269791176015 -5.68922534150959 1.27616971633387e-08 2.29439023468537e-07
1039.03853853185 -2.47931791892286 0.332091327482413 -7.46577135187056 8.28130408979944e-14 4.62403212943647e-12
942.176250113281 -1.16508857128847 0.210395009146415 -5.53762456635881 3.06601618307192e-08 4.94424365399957e-07
1084.69669753349 -1.97085355479956 0.548631655897852 -3.59230739534014 0.000327762892542151 0.00164465346910996
899.324758034156 -2.70498610756297 0.832384024435176 -3.24968527525318 0.00115532792144237 0.00474984800657869
1001.89627857963 -1.4792275235203 0.19469453858222 -7.59768370644678 3.01478078286358e-14 1.81101167880549e-12
998.521766002225 -1.21804245261657 0.221268990740606 -5.50480412343221 3.69578949840803e-08 5.85994671585727e-07
929.78850419777 -1.04792289449814 0.155668818653831 -6.73174566082152 1.67639495854413e-11 6.15892930421646e-10
1079.21267606088 -4.51359137633913 0.489947755359354 -9.2123932132899 3.18933350441846e-20 4.59372751914819e-18
927.390472914229 -1.8059983213222 0.218873158180581 -8.25134674500452 1.56619393674753e-16 1.37857695474131e-14
949.678305229434 -1.14886343467891 0.219103153614088 -5.24348196604434 1.57574216942914e-07 2.11573432177059e-06
949.567974416133 -4.20355694797586 0.500123548518051 -8.40503703621174 4.27726593824624e-17 4.07626659904294e-15
978.059657114837 -1.99862399633416 0.347123010063817 -5.75768225784492 8.52766762503806e-09 1.62051255093489e-07
971.564183732134 -2.53604196799707 0.402844049501624 -6.29534424334808 3.06718406629407e-10 8.07992742833403e-09
1155.56992924758 -5.86897040163588 0.858032103629544 -6.84003591102206 7.91733309647417e-12 3.11652785707485e-10
940.87267413154 -2.15801125189765 0.508059583200714 -4.24755545068639 2.1611568565739e-05 0.000163148678719918
880.250464945049 -2.14243691673559 0.248032749236497 -8.63771789544127 5.73470111186567e-18 6.00721790023945e-16
961.626566283455 -1.14978569673723 0.248904016242253 -4.61939390973171 3.84862599850282e-06 3.5992438721754e-05
853.857638685396 -1.09300333000806 0.178932858032004 -6.10845510449828 1.0060014909597e-09 2.35694434342222e-08
878.743085351684 -1.19934221294214 0.2243045928736 -5.34693560027987 8.94558267691026e-08 1.27974334570923e-06
829.927690916569 -1.07588271753234 0.160121494801069 -6.7191648371069 1.82769061743951e-11 6.67607451759245e-10
892.580617600975 -5.98691499340043 0.580711317918427 -10.3096234026584 6.37506405613929e-25 1.75660732416447e-22
822.487223333133 -1.53553057311749 0.248645572409239 -6.17557979512381 6.59211015305176e-10 1.619182447887e-08
816.039358416841 -1.32307571113701 0.194055315397525 -6.81803386022526 9.22948926824122e-12 3.58845940107231e-10
772.094006937529 -1.05311323492745 0.11103798479587 -9.48426105592128 2.4410643072539e-21 3.96672949928759e-19
788.126200228143 -1.81962794263455 0.20966996815109 -8.67853397737584 4.00902782837734e-18 4.2701199768641e-16
899.82202088206 -4.587852211614 0.737522409096099 -6.22062754301504 4.95170355155035e-10 1.24037238173717e-08
780.760187500398 -1.13034302102161 0.470485437054155 -2.40250373762684 0.0162832681588512 0.0420432723392623
745.133341532407 -9.4450314694221 0.715662465865215 -13.1976063017408 9.05674439941532e-40 1.04358395693263e-36
763.762076916758 -1.94069484828964 0.509896719986698 -3.80605477976062 0.000141201121211258 0.000797204548486722
771.944546821319 -1.40401257762198 0.313441435412301 -4.47934580115464 7.48721546686326e-06 6.46789757136487e-05
763.534788642507 -1.13683053192483 0.388206115148941 -2.9284199489971 0.00340689548658213 0.0116499838810597
851.185857827549 -4.79617413213283 0.417032713215557 -11.5007144047564 1.30828054881344e-30 5.92230569864657e-28
805.569892803602 -2.18922227717881 0.352888345911791 -6.20372506641528 5.51420850894717e-10 1.36776111254218e-08
754.801774443467 -1.50831381313451 0.241843559858576 -6.23673342393956 4.46802417026927e-10 1.12813160076022e-08
745.36549612756 -1.080245225014 0.131673038554957 -8.20399708907103 2.32523737967661e-16 1.96482558582674e-14
755.324602186082 -1.43728436747626 0.223830908392441 -6.42129533315512 1.35119591560671e-10 3.99216975065619e-09
687.235111882302 -1.43013580697777 0.387824164433156 -3.68758818591939 0.000226389646858364 0.00119512235482289
715.771883674974 -1.08443195212759 0.283574153624481 -3.82415653283986 0.000131220531394695 0.00074818724040835
737.928287308845 -1.21791392153119 0.460976264900579 -2.64203173626274 0.0082410333435046 0.0241570531056709
754.473427426157 -1.85992077382756 0.212592465540646 -8.74876148172787 2.15707049069539e-18 2.39832179557579e-16
754.759415065926 -1.88677330301674 0.236358810143965 -7.98266543086553 1.43206684082832e-15 1.08044328616065e-13
738.408340291193 -2.5191954400786 0.518826814477616 -4.8555613738181 1.20046164823569e-06 1.29057263709816e-05
718.390773560059 -1.19457390707077 0.183441562731503 -6.51201335882218 7.41501229652696e-11 2.36143921754973e-09
698.225185194979 -2.76117566753981 0.270142238341474 -10.2211919338935 1.59369057587256e-24 4.20833917691347e-22
692.211167875744 -1.04274864349922 0.179209427818769 -5.81860372074697 5.93412327150837e-09 1.15893701797178e-07
655.822248231043 -3.16374668348715 0.787683165451096 -4.01652189897357 5.90633778317865e-05 0.000383715178891796
686.770809702115 -1.06301861942878 0.320400812573528 -3.31777753898434 0.000907367204057364 0.00388674528943126
786.885459954427 -3.01947400552485 0.310217659260386 -9.73340464473819 2.17198976904667e-22 4.23538004964101e-20
651.209275815337 -1.49175005576258 0.301938856318223 -4.9405700013329 7.78945207994993e-07 8.80743132144205e-06
648.952382568698 -1.05168878429717 0.209410954387058 -5.02212879634424 5.11018952026397e-07 6.05342543638746e-06
683.004689414865 -1.01750929616931 0.286084040543258 -3.55667968837798 0.000375571622624195 0.00184844482078484
639.463875467643 -1.09349441658331 0.179678347017288 -6.0858441472533 1.15879124259594e-09 2.65120559565047e-08
702.401949218405 -1.0773148531188 0.315973459375663 -3.40951058119717 0.00065079553275859 0.00294601192061255
703.179452685052 -1.33886992714862 0.211856059300945 -6.31971505354363 2.62046041745529e-10 7.08194792990317e-09
818.382284864934 -4.64709031786165 0.696314034674609 -6.67384267219784 2.49190756860904e-11 8.72511835141424e-10
759.242728045539 -2.99217416358842 0.602491543744694 -4.96633387581015 6.82304476397565e-07 7.81229380157104e-06
665.507369379315 -1.34536530755708 0.472929451316899 -2.84474841609215 0.00444465130448579 0.0145289751394995
647.159359090924 -1.09008805090203 0.259375618390353 -4.20273909192759 2.63704477243122e-05 0.000191874526352271
710.072020793806 -2.39090235945313 0.370052987234676 -6.46097300097431 1.0403188114403e-10 3.15455524760904e-09
613.242861681498 -1.19425079395803 0.342046117208008 -3.49149057357016 0.000480333414674374 0.0022896675558472
607.560542778471 -1.87776646376832 0.231671291864439 -8.10530492861879 5.2613394645e-16 4.09609540915235e-14
625.729036322748 -1.02168704462336 0.187674070853998 -5.44394353452366 5.21137457382651e-08 8.00656639069709e-07
692.780715258034 -3.70238048194336 0.387250923712602 -9.56067566333574 1.1699040169365e-21 1.97713778862269e-19
620.04907351994 -1.02682961229511 0.181245656284572 -5.66540259967884 1.46679726137161e-08 2.60023150879513e-07
575.795554355962 -1.03285461647334 0.148444444652959 -6.95785294551102 3.45497566294258e-12 1.48820349549784e-10
656.262818512861 -2.47561041002198 0.282302508122519 -8.7693532249723 1.79695490210701e-18 2.01561091895631e-16
605.874769199648 -2.06549104308697 0.35473067492968 -5.82270209221806 5.79037163567165e-09 1.13964224351146e-07
654.202043597513 -1.35280527739274 0.364213526990061 -3.714319148365 0.000203751522088416 0.0010924494680502
669.55717589296 -2.09947934752399 0.317806283436763 -6.60616059827447 3.94415018620102e-11 1.32605049363655e-09
651.745345343352 -1.29187367008565 0.252136885328812 -5.12369964593207 2.995980987386e-07 3.77100883963431e-06
560.88800534129 -1.23322886801819 0.401097533320477 -3.07463588172415 0.00210759689627907 0.00788505090176763
661.131818849359 -3.5790521920033 0.760351804585306 -4.70710027965977 2.51265322124935e-06 2.49200935675552e-05
550.615330690695 -2.39277476251812 0.204189430667099 -11.7184065536634 1.0258335256343e-31 5.00093843746721e-29
595.324654273122 -2.54565070994257 0.313717424809029 -8.11447024816105 4.87908549614425e-16 3.88945966437914e-14
597.140736928302 -2.33999843922813 0.460791075755322 -5.07821996203471 3.80987462428021e-07 4.67022832328352e-06
532.223165707766 -1.06915170217234 0.16280814703062 -6.5669422671536 5.13589474041278e-11 1.68646284545938e-09
566.566193852353 -3.59570654727517 0.299768983513116 -11.9949252425505 3.77758064429249e-33 2.08177542027858e-30
567.004581709462 -1.90904189703723 0.375861948261789 -5.0791039259648 3.79219235300849e-07 4.65305305657141e-06
521.905635753129 -3.94981737258069 0.887978928930267 -4.4480980841955 8.66339703803969e-06 7.32545413323236e-05
471.766601383704 -1.73139019198278 0.453700742977241 -3.81615022409084 0.000135549997095656 0.000770446732371048
491.502854954788 -1.13376022081415 0.228035830312108 -4.9718512185668 6.63165914565488e-07 7.6182867917755e-06
509.503933335672 -1.43223956085601 0.426915549037158 -3.35485452353799 0.000794067313929078 0.00347714151992679
455.811949136994 -1.96487615062532 0.783125995056492 -2.5090166372061 0.0121067782071323 0.0330174167940178
503.740083708568 -1.42044150325717 0.265232274408551 -5.35546251460026 8.53378383322432e-08 1.23055415342569e-06
460.774187799089 -1.85681609372241 0.306393938215178 -6.06022463936077 1.35931571197606e-09 3.05484515058451e-08
485.330414458614 -2.16743451764973 0.43036068278369 -5.03632093812605 4.74564627110559e-07 5.685356000592e-06
474.610888798806 -2.30967867862997 0.422489350344426 -5.46683289589915 4.58147581762241e-08 7.12517864887903e-07
447.147914248855 -2.19010166177233 0.33114291537183 -6.61376571898911 3.74664538967229e-11 1.26636614170923e-09
477.709997394612 -1.23305021016318 0.188300310865831 -6.5483174429901 5.81889301587121e-11 1.88630355437769e-09
530.729265811989 -4.44091925122683 0.395211178917745 -11.2368260011975 2.68876469050691e-29 1.09935782103791e-26
493.02342217712 -3.3756748721404 0.591160950042871 -5.71024671351448 1.12812515687795e-08 2.06334579558845e-07
483.343191300262 -1.19352634066809 0.316072556536435 -3.77611505961452 0.00015929342965134 0.000880525172625703
442.120457101111 -1.34826572321084 0.27002360970095 -4.99314013579788 5.94054209771714e-07 6.92698906058554e-06
407.368527780247 -1.03156255701322 0.400085173221129 -2.57835737502591 0.00992712707732467 0.0281050559984566
495.356895496278 -2.92530902170178 0.476281416414858 -6.14197598495787 8.1501181983361e-10 1.9564914424983e-08
417.083689694524 -1.11935842041842 0.190295078254026 -5.88222475688089 4.04788139845811e-09 8.2017026382643e-08
452.13913457611 -1.09945261682961 0.290425594166666 -3.78566021353707 0.000153301027731955 0.000853730459799003
510.829300486988 -2.76217876964369 0.780035631482051 -3.54109307083269 0.000398472992265005 0.00194325394451257
487.98105046368 -2.35466514299964 0.404579598564138 -5.8200293622229 5.8837290440772e-09 1.1526470731635e-07
405.982801210343 -1.12302060592636 0.150103411606568 -7.48164611254723 7.33973733558033e-14 4.13471869904358e-12
442.474762978824 -1.08515703007452 0.273814803651725 -3.96310577661379 7.39809826837944e-05 0.000466185498467794
434.535115256552 -1.35501511180549 0.413753186365154 -3.27493577441512 0.00105685998100755 0.00440938125716612
389.693052313745 -2.46404986364984 0.350363076348752 -7.03284686653773 2.02361426984671e-12 8.99975820010776e-11
469.191924431198 -2.22376483877131 0.47902660335689 -4.64225749298215 3.44623006566886e-06 3.26953338939766e-05
402.290685166656 -1.33952731758935 0.240402461454902 -5.57201997634553 2.51802539805693e-08 4.18711131197394e-07
399.707308019207 -1.01219301662745 0.258024780761738 -3.92285195878964 8.75069248045353e-05 0.000535562661466675
421.196564100606 -3.06195549579212 0.372755095111731 -8.21438938312651 2.1324656665042e-16 1.83870764101638e-14
398.87352522288 -1.62100052619496 0.289509136610606 -5.59913426281681 2.15424909094482e-08 3.67004129404914e-07
416.54754379402 -5.49646659348236 0.389700056525851 -14.1043515427813 3.57056224833758e-45 5.65710956220985e-42
424.958667699085 -1.71758078067527 0.675096374986323 -2.54420086422486 0.0109528080518243 0.0303794783756692
413.102986273589 -2.03706120034861 0.315609527401972 -6.45437169504117 1.08668798611537e-10 3.27946910095532e-09
415.652622810995 -1.40950429665909 0.43790173950993 -3.21876843475551 0.00128742406438079 0.00518364041169837
383.423524172206 -1.00702170646296 0.160162843174074 -6.28748645132675 3.22647159920394e-10 8.41471759668928e-09
451.537633371522 -3.79235228535489 0.376787190676802 -10.0649713663113 7.89102914224051e-24 1.88714706373393e-21
370.760683351352 -1.1747902609897 0.211973394689242 -5.54215901817287 2.98764796293305e-08 4.84251124426809e-07
473.966847139468 -3.57674125995395 0.677902448560959 -5.27618873120549 1.31898250176822e-07 1.79958053928011e-06
368.808093857553 -1.34417439678962 0.135580560214703 -9.91421185058541 3.61095053225671e-23 7.62813299939229e-21
340.822859404481 -1.75672902341049 0.377695569271513 -4.65117720813832 3.30045563776597e-06 3.14535903824689e-05
407.486294951934 -3.09014453257619 0.817351505741891 -3.78068005119943 0.000156400562566084 0.000868321125941793
397.327953216919 -1.6585484072157 0.383314213575872 -4.3268638325289 1.51247396457705e-05 0.000120164246086868
394.607388856654 -3.37488115010272 0.498031161545301 -6.77644575417946 1.23168275799043e-11 4.60518553319431e-10
354.902466761252 -1.0584424239924 0.151685333773866 -6.9778824205268 2.99662277111132e-12 1.30076005561082e-10
348.246092023297 -1.16061050398142 0.180007135089913 -6.44758055508019 1.13649769669102e-10 3.41353277382907e-09
346.290169818287 -1.66317323753579 0.402540078990629 -4.13169600827376 3.60096443717808e-05 0.000250368756123051
362.494441825711 -4.93923679503136 1.25197650606989 -3.94515134356333 7.97495930095825e-05 0.000495417139789472
424.596416726508 -2.98907096260548 0.653561488059304 -4.57351147094251 4.79617407538176e-06 4.34846254688582e-05
400.600650378193 -1.13005776363469 0.371224385174946 -3.04413666979913 0.00233349105295515 0.00853839465825825
350.461369246279 -1.29416665130868 0.36485074107144 -3.54711257405744 0.000389478128629654 0.00190603678779184
362.193036185898 -1.17128774129717 0.207851803477394 -5.63520605403146 1.74849145747944e-08 3.05684541014509e-07
337.825661935126 -3.26336434494434 0.298058929273507 -10.9487219621251 6.73917403649364e-28 2.37275085868214e-25
360.475474678396 -1.13296585378652 0.254026470078203 -4.4600306945876 8.19479156901764e-06 6.97575440814631e-05
349.041013274716 -1.87279348680108 0.296118708121362 -6.3244686520567 2.54105429434085e-10 6.91155862248289e-09
344.27970730179 -1.28094403195136 0.24052538189922 -5.32560855672219 1.00615603209458e-07 1.4117814712201e-06
332.635328626766 -1.00469799420077 0.214972876676315 -4.67360352493929 2.95960413823756e-06 2.86577406051651e-05
337.979004959736 -1.18537709432043 0.278521039514533 -4.25596966170515 2.0814493205133e-05 0.000158259220745977
336.323029258725 -1.50785010648071 0.15156167792706 -9.94875569539666 2.55355980344338e-23 5.77970901940085e-21
311.220966997493 -2.58699331737094 0.730138494829836 -3.54315425866412 0.000395371360415782 0.0019326703676058
319.761284506193 -3.28187569614031 0.635347973220508 -5.16547755634577 2.3982580582546e-07 3.1081718699772e-06
326.179843068737 -1.09036890280299 0.17327388035725 -6.29274822353435 3.11894009165313e-10 8.16788546729409e-09
319.432750128627 -2.08244500659473 0.63690863799283 -3.26961338310216 0.00107694567103398 0.00447550373126417
344.93012986422 -2.46921787202973 0.324823736568625 -7.60171623574704 2.92228968732033e-14 1.76381056127548e-12
339.023320183063 -2.4818727664528 0.313610098404702 -7.91388025793109 2.4948826939868e-15 1.79674080376606e-13
317.583819181871 -1.14497306047644 0.186427775058106 -6.14164418429375 8.16716432986699e-10 1.95687727563448e-08
318.890154548297 -1.16475612672355 0.285465614701699 -4.08019763760577 4.49974258189831e-05 0.000304995920992306
292.427855165373 -1.51701113717111 0.358834175110424 -4.22761052986181 2.36186159614037e-05 0.000175581206633896
290.668277810675 -1.74002535830459 0.426581445149913 -4.07899916437551 4.52299994862829e-05 0.000306081283229384
312.28701532776 -2.52544859885576 0.643039975573262 -3.92735863210425 8.58838707639146e-05 0.000527411851711539
282.264402160055 -2.04182794976364 0.56555980542952 -3.61027769329002 0.000305869360394848 0.0015482804085482
275.921125654787 -4.46181271116754 0.530723746682999 -8.40703424154974 4.20508340481793e-17 4.03783576939903e-15
296.425871461995 -1.14497812617813 0.377473203323162 -3.03326995425924 0.00241919081298646 0.00880618423406306
327.009771548341 -3.17519530881168 0.556004382330717 -5.71073791811058 1.12487360000558e-08 2.06037180347843e-07
246.612077871008 -2.27986616925503 0.831676230701829 -2.74129052279288 0.00611983694585043 0.0188732197782614
294.414482440409 -1.14319481197012 0.468806416968481 -2.4385221076165 0.014747456600558 0.0387970137841578
255.240458296804 -2.2333546852363 0.699949461206854 -3.19073705890929 0.0014191036741416 0.00562625557389578
273.669075964306 -2.10556329183302 0.755388423182385 -2.78739152893351 0.00531342391879906 0.0167865523855379
274.052424323088 -1.50220827534996 0.308383621703991 -4.8712323535518 1.10904322413183e-06 1.20869500136466e-05
259.815436589564 -1.11109210023037 0.17860756949039 -6.2208567274085 4.94447517176081e-10 1.24037238173717e-08
249.148349631578 -3.40983435610956 0.438370946542169 -7.77842232247833 7.34345690958714e-15 4.82271069062264e-13
253.965917723606 -2.82895278535293 0.307806052935434 -9.19069900794425 3.90296765782503e-20 5.49667945143691e-18
240.627814757607 -2.76146029073215 0.547772024524281 -5.04125834671891 4.62480605333904e-07 5.56161449013969e-06
240.545496470049 -1.1668205127324 0.344573697622603 -3.38627272128695 0.000708489360113806 0.00316089498044438
257.329208095955 -1.17576929270741 0.450107806113333 -2.61219484918545 0.00899629642721054 0.0259331492415041
225.412608715947 -1.19517940643631 0.479360890292191 -2.49327684139562 0.0126570118218583 0.034279407017533
255.374363619329 -3.02341440204956 0.35833114133125 -8.43748715452739 3.24232741871637e-17 3.21066406501797e-15
223.486650039714 -5.26918083623132 0.838611763533619 -6.2832183679714 3.31634717391345e-10 8.5960532575364e-09
282.414663196089 -1.6680519736135 0.499979920254978 -3.33623792884088 0.000849204518329566 0.00368366436339057
225.485197615327 -1.60612548889275 0.482838435313452 -3.32642426829604 0.000879679203680487 0.00378539792082942
231.527142951827 -1.0187877223559 0.250334165734165 -4.06971105749015 4.70714801725915e-05 0.000316347301796181
223.351459470441 -1.21096258154527 0.300278804882981 -4.03279406289492 5.51175784224645e-05 0.00036141505768481
227.624219720253 -1.66674891076135 0.25961436889667 -6.42009499645507 1.3618933174469e-10 4.01441809270686e-09
220.205826610153 -1.214013081954 0.292995312839851 -4.14345564161831 3.42111268697443e-05 0.000239865176968963
247.269091875974 -2.41703845510458 0.460908583992468 -5.24407342160517 1.57069648300213e-07 2.11343714671465e-06
210.310556134819 -2.27065839326273 0.577797040059439 -3.92985466493414 8.49972206394954e-05 0.000522980471653206
230.419785515474 -2.1915320854029 0.453773834771875 -4.82956908810012 1.36828834250994e-06 1.44525456177613e-05
231.275424594221 -1.2013520613424 0.364109832275792 -3.29942219311574 0.000968840808070806 0.00410566942236625
193.660748452558 -3.72619431999434 0.49367048340128 -7.54793824075057 4.42202512957252e-14 2.59486891283943e-12
211.690276259908 -2.55581775488481 0.305782067904203 -8.35829835412557 6.36293606279213e-17 5.84421844897755e-15
185.968376253999 -1.48274218649495 0.191966669488478 -7.72395640579651 1.12773424421947e-14 7.25585357638672e-13
210.820275065823 -7.58780915400365 0.736417830413087 -10.3036738664344 6.78205925814489e-25 1.82899151270184e-22
193.766089084326 -1.21143247109589 0.393705497931684 -3.07700166103878 0.00209094135734523 0.00783639317100852
193.552727282879 -1.4793284207749 0.294859254321764 -5.01706627515444 5.24664727049119e-07 6.19769377012823e-06
197.633329169423 -3.99039377785604 0.835394605188859 -4.77665734620578 1.78233099940656e-06 1.82627691329654e-05
202.526109948604 -1.50101127415989 0.377921753728622 -3.97175145212131 7.13461381379555e-05 0.000452156150449293
199.028695980846 -2.00558089435398 0.44077392349486 -4.55013508615005 5.36114864136771e-06 4.80909830356233e-05
206.549072630714 -5.35207087498122 0.709486707684055 -7.54358160204542 4.57236501185236e-14 2.67072472466492e-12
181.544341043052 -4.82105829688416 0.527745400137439 -9.13519719097243 6.52876833979682e-20 8.71075144283418e-18
164.272306931883 -1.69232007633825 0.388621113610862 -4.35467867562342 1.3326224752558e-05 0.000107517440317424
171.014459066953 -3.02168323068925 0.447368060641767 -6.75435619242582 1.43470889742733e-11 5.30173040084297e-10
161.657609133015 -1.22065475665828 0.480861022793949 -2.53847722896297 0.0111336047961926 0.0308455608287959
201.929422726027 -2.07464424911037 0.534318223120009 -3.88278774584185 0.00010326570379028 0.000611632147449441
158.259817477856 -1.67413508789894 0.413038146871924 -4.05322147742944 5.05171351898707e-05 0.000336532221024756
172.524265028486 -2.78382172226254 0.321568249162128 -8.65701675932252 4.84271520523692e-18 5.1151179355315e-16
183.156878047575 -2.9843712039387 0.440490462268727 -6.77510970060015 1.24311898681863e-11 4.63427445821358e-10
147.072983056317 -1.05295662591645 0.3714383396942 -2.8348086704871 0.00458531379645036 0.0148946315658658
174.211622688431 -2.4797829924796 0.410061038726493 -6.04735090215093 1.47246825149942e-09 3.26285578457258e-08
156.070782204173 -1.07743516590993 0.280640278513746 -3.83920359406699 0.000123434045567985 0.000712443773940897
144.649075287725 -1.08556133755581 0.428313377801285 -2.53450252506344 0.0112607115493904 0.0311160930648624
168.398277400531 -1.39446477405385 0.364004805026066 -3.83089661125215 0.000127677149911393 0.000731934814620945
156.485727726044 -1.46310067265314 0.392238555068501 -3.73012967171883 0.000191381248711333 0.00103709163207189
155.036436091298 -2.78387628770802 0.5203801227976 -5.34969758787424 8.81013254616778e-08 1.26321753419317e-06
147.826650308457 -4.83278023835326 0.552572326255709 -8.74596864287561 2.21110515031563e-18 2.43702241567397e-16
168.54928838364 -2.27905484075552 0.423299144987943 -5.38402892550242 7.28367909729059e-08 1.06976399256267e-06
144.511930145669 -3.14049234271867 0.419407171106968 -7.48793191692399 6.99673026857564e-14 3.95908732831233e-12
150.342456683858 -1.69808007051289 0.592990468633474 -2.86358746107009 0.00418873156790044 0.0138803065681407
136.799831220718 -2.74497412913186 0.517200641200128 -5.30736799312998 1.11219496729131e-07 1.54133978117776e-06
159.555333788546 -7.95043585891033 0.662495412327631 -12.0007410028351 3.52129570582942e-33 2.0287465032449e-30
158.842974938258 -3.50171452716211 0.560998309685917 -6.24193418536786 4.32192813175601e-10 1.0934219375251e-08
144.813302507373 -1.11625240197338 0.24494117802643 -4.55722639601632 5.18335448017794e-06 4.66612344007495e-05
125.845869034161 -1.56518563476264 0.525882952263154 -2.97630038780837 0.00291748940240069 0.0102634410700607
128.608467538005 -1.02019146416769 0.37885399970251 -2.69283540616909 0.00708472348595634 0.0213654223612888
147.507426606375 -3.28324426974866 0.520934979416114 -6.302598979682 2.92695500260299e-10 7.72899055374851e-09
134.771635156483 -1.31982727447379 0.337848923133043 -3.90656054852673 9.36191921983622e-05 0.000565327899530367
142.214173573621 -1.52461841510429 0.520063644678855 -2.93159968150774 0.00337221124536903 0.0115646043114319
123.464302290443 -1.04813665081705 0.420954766763048 -2.48990327126295 0.012777786598586 0.0345474499012537
146.517692488904 -1.17890708709422 0.395267557862509 -2.98255463582541 0.00285853622468274 0.010086391040827
122.630489663027 -1.53963616675165 0.303444846818254 -5.07385833997636 3.89829312376252e-07 4.76938854668822e-06
130.320048816848 -1.29759797526282 0.13910399342994 -9.32825825677221 1.07624905474769e-20 1.66359228889354e-18
157.449208433372 -3.20074808368198 0.632319840920783 -5.0619130961019 4.15070228252564e-07 5.04895887053863e-06
120.669325677254 -1.17086769144131 0.455808330016316 -2.56877203494592 0.0102059571853096 0.0287340087347399
122.588914876454 -5.51698320356527 0.567873574214417 -9.71516100427342 2.59838051431775e-22 4.99007166954205e-20
142.309554688743 -4.05217324688925 0.568332579141657 -7.12993306315322 1.004177494451e-12 4.74923497842031e-11
119.739827566961 -1.04653479725912 0.294543061690365 -3.55307910243451 0.00038074995489398 0.00186909592497335
115.2986162988 -1.54229452117727 0.650862481805256 -2.36961656923212 0.0178065409391602 0.0451576443385065
120.763511810653 -2.6724897342198 0.57424018594896 -4.6539580468465 3.25623083990232e-06 3.11257359696546e-05
116.959478262306 -1.64482484097673 0.412067925047052 -3.99163521593902 6.56192562364216e-05 0.000419287498996788
114.669552603133 -2.30595687898456 0.538535523531193 -4.2819030095997 1.85301752280181e-05 0.000143204596644679
111.540034036147 -1.0795167143972 0.196063529187233 -5.50595370221201 3.6717502435047e-08 5.83200931534111e-07
112.856376255038 -1.71216555601009 0.514614079004564 -3.32708650202884 0.000877591266258455 0.00378082589666421
108.895996162297 -4.90164739144117 0.563857175291033 -8.69306556028341 3.52788660752011e-18 3.78948836867097e-16
109.339230009714 -1.2669319461859 0.24770107874166 -5.11476152070878 3.14137584261219e-07 3.94227116882272e-06
125.893864046977 -1.74321020379411 0.349724728286923 -4.98452086111547 6.21155442551345e-07 7.19008697199844e-06
102.261175365055 -1.70425056208795 0.598767860897801 -2.84626258919871 0.00442357006950854 0.0144805657621438
116.466789405843 -3.51456203389279 0.437677785367514 -8.03002151672297 9.7455572535682e-16 7.48635989024103e-14
108.075169957697 -1.41340565273145 0.413016179272557 -3.42215565312932 0.000621267365642305 0.00283155838170306
99.6905015694846 -1.36257519128126 0.316289995289931 -4.3079933338778 1.64742349044989e-05 0.000129134772674411
127.888012350122 -3.64629197968419 0.548493831629747 -6.64782677473312 2.97452076879035e-11 1.0162277828684e-09
96.3059131749057 -1.60059283028827 0.489739504352554 -3.26825346140759 0.0010821340895526 0.00449264644123133
120.801329772316 -4.41395561303681 0.620623578536781 -7.11213006673614 1.14265496392499e-12 5.28582177655082e-11
101.725240373708 -1.26320750691445 0.39514121777931 -3.1968507715132 0.00138936784507794 0.0055273814928948
102.73002711071 -1.15112218276152 0.410418966488992 -2.80474899249666 0.00503557773866708 0.0160851683058481
99.024437276031 -1.53931294315254 0.273399480647978 -5.63027018011977 1.79927543883669e-08 3.13266705868888e-07
91.697895187736 -3.6115173020461 0.531783270657707 -6.79133305111195 1.11102103332732e-11 4.21622502916881e-10
101.333002111409 -1.16166788957602 0.405135695685075 -2.86735506633565 0.00413918341407554 0.0137340706213109
104.313147661209 -1.20865453846474 0.381140300555781 -3.17115386827967 0.00151834695126366 0.00597486731054547
87.3532091434565 -2.22316967206305 0.205996807157683 -10.7922530583753 3.7449406785121e-27 1.21710572051643e-24
95.4678071021914 -1.51327165895391 0.237209014448297 -6.37948630440327 1.77682973675254e-10 5.09532056862861e-09
92.9134939955865 -1.92930152616477 0.531505004030683 -3.62988403031742 0.000283548584272269 0.00145269939597858
95.6891074525608 -3.19727433492669 0.363836128075883 -8.78767689133897 1.52684353794243e-18 1.74349025616399e-16
84.3694152882427 -1.77703822025573 0.570604407932478 -3.11430860952272 0.0018437653093288 0.00703907388425981
83.5263916817209 -2.94244809362518 0.265628755344075 -11.0772950383846 1.61683614101645e-28 6.21012063254047e-26
86.4344994770935 -3.25472239781476 0.516252303301332 -6.30451888931334 2.89090467237449e-10 7.68180644074354e-09
78.206287709398 -1.24217065712196 0.172034126423722 -7.22048981178583 5.18006510011292e-13 2.56473926343482e-11
73.250071732107 -2.42775744729381 0.555415328435741 -4.37106670089802 1.23641012122357e-05 0.000100458322349415
81.833478655075 -1.29517759823752 0.338387611520016 -3.82749708956442 0.000129452914327924 0.000740062793147579
89.2019196383283 -3.29827808944277 0.660781205417691 -4.99148290296464 5.99174873336649e-07 6.97972600998983e-06
83.2503163671981 -1.88450546565017 0.498712635142527 -3.77874016589052 0.000157623787316376 0.000873581768358137
78.1854896370578 -1.22883384751663 0.21068659750612 -5.8325202554991 5.45963746660393e-09 1.07957729936357e-07
77.56653545006 -1.6432840277706 0.574834876728331 -2.85870620294186 0.00425372547075335 0.0140223589965666
71.0202603496064 -1.61157652187526 0.379461424202916 -4.24701015461712 2.1664214416532e-05 0.0001634487605533
77.4729138338025 -1.82177490796066 0.427661373084592 -4.25985375957794 2.04560699180083e-05 0.000156005226360262
66.1065345433999 -2.57712942548389 0.802265400969889 -3.212315304098 0.00131669780123802 0.00528446574190153
71.0133782211294 -1.13745359005237 0.226798230587414 -5.0152665966852 5.29599800864658e-07 6.24435114042748e-06
68.4238494956895 -4.00838250695048 0.742470299088366 -5.3987109139209 6.71214272583792e-08 1.00199786867411e-06
70.2069121575414 -2.18161859784249 0.43888888273021 -4.97077662179827 6.66852441453208e-07 7.64227368482767e-06
70.62027713048 -2.69057492024091 0.396753387227319 -6.78147939465316 1.18951445556962e-11 4.48723087034075e-10
64.5222060092179 -3.16391846101862 0.462086716080446 -6.84702319048661 7.54024987126911e-12 3.00542978359547e-10
64.445395800201 -1.62928115874565 0.512323129919535 -3.18018270813098 0.00147182221527352 0.00581163444815944
68.9533853509042 -2.75271408665379 0.326497231562602 -8.43104878249479 3.42580894731865e-17 3.36102416048124e-15
76.7057724803583 -3.92671221345323 0.572522297172326 -6.85861883955816 6.95294781741724e-12 2.79773376462741e-10
63.5590783854665 -1.12892076476392 0.394224966889231 -2.86364603863642 0.00418795710846874 0.0138803065681407
72.9024051195075 -1.79678130587473 0.424023395346921 -4.237457945934 2.26064745225808e-05 0.000169749445837507
74.0026220886056 -2.64761322094417 0.482776174210748 -5.48414226379863 4.15480325392711e-08 6.55001632382165e-07
70.2917008952434 -2.17509446576519 0.545894014970082 -3.9844629289156 6.76329137870364e-05 0.000430561116148009
60.0610065973268 -2.84709148831887 0.455243421549647 -6.25399808881891 4.00075908572859e-10 1.01949323480117e-08
66.3556122329621 -1.52086136988237 0.514739628679297 -2.95462265803111 0.00313051683713593 0.0108680637936724
67.194017268604 -2.11119726917378 0.351561745182043 -6.00519623681062 1.91100629008368e-09 4.15471779190576e-08
59.9015768485799 -1.03025317290347 0.28520947894762 -3.61226834642715 0.000303530222835555 0.00153828291660962
51.4597811918513 -1.88637865805032 0.582470013864981 -3.23858501407352 0.0012012421492528 0.00489573769832129
52.5963673233998 -1.69955790144159 0.346541754575812 -4.90433801699292 9.37429423977421e-07 1.03591263722004e-05
56.7126693344741 -1.58104569949286 0.307258786517525 -5.14564845292937 2.6659827308042e-07 3.41884824660707e-06
61.7760529129013 -1.75567951171222 0.525180315222107 -3.34300327111407 0.000828769229151162 0.003606577293633
53.6847525659464 -1.23446199782288 0.36011071027424 -3.4280068951095 0.00060803001655315 0.00278563506660352
55.3534854103521 -2.92607240964883 0.549367637490765 -5.32625551627625 1.0025807029248e-07 1.41040071138422e-06
46.4307267789951 -1.94547919777444 0.501312238451233 -3.88077339540892 0.00010412482340594 0.000615857273294582
52.8467829335501 -1.86568709154897 0.389204315922235 -4.79359301843339 1.63820447545976e-06 1.69227723931968e-05
47.3072463902135 -1.62065169747645 0.453986859673203 -3.56982071825396 0.000357225624460774 0.00177145336073565
47.9509774853357 -1.20906439443707 0.46795282625629 -2.58373136478266 0.00977378881840468 0.0277390894028839
43.4576595261027 -1.14241302111783 0.395783373539268 -2.88646036568408 0.00389601814384051 0.0130571205640345
54.550351008478 -2.34127180647296 0.618602436652106 -3.78477624359837 0.00015384693487707 0.000856018393137342
45.2661033306675 -1.47291487508831 0.288521277856937 -5.1050476624419 3.30711150256014e-07 4.12981658078323e-06
49.032751981182 -1.63663576275401 0.486998691711923 -3.36065741162635 0.000777572079560424 0.00342093929483803
44.5531213440362 -1.30375143247514 0.45371326372826 -2.87351403783511 0.00405933037699488 0.0135080106401707
47.8837890386003 -3.2453733644735 0.632918601110293 -5.12763151340525 2.93410010673426e-07 3.70046953759769e-06
39.439604465714 -1.25102390148934 0.523532763441935 -2.3895809180395 0.0168676076916911 0.0432437151076425
41.5708408171963 -3.87290574365079 0.808926908213812 -4.78770789341467 1.68696948170759e-06 1.73840147810112e-05
50.9121918657354 -3.93072134051793 0.623024876041294 -6.30909212725786 2.80677014923142e-10 7.50544549398909e-09
39.3214751857732 -1.73019110093343 0.44281379590934 -3.90726557509437 9.33465351227836e-05 0.000563950110906236
43.0158022037525 -2.24666154460002 0.54866973320482 -4.09474299133853 4.22636951757373e-05 0.000288471909721308
42.0572543482904 -3.41032813501847 0.537167457185795 -6.34872438640471 2.1710759448462e-10 6.11519724465012e-09
41.5398906767255 -2.35825210039663 0.606343863815985 -3.88929820375377 0.000100534524138213 0.000598813483764965
41.6464449238738 -1.02382988977148 0.367341811510575 -2.78713137924951 0.00531769152317089 0.0167881889032489
44.8889231155375 -2.00593867651182 0.581156663218878 -3.45163155387643 0.000557208048874874 0.00259178422733542
43.5996582516508 -1.12788376963492 0.406962361893662 -2.77146949016782 0.00558039016174514 0.0174473224716625
44.1468068373266 -3.81716014267592 0.682029287648656 -5.59676866053048 2.18383797752326e-08 3.71047538406265e-07
45.6507782221607 -1.26177582904021 0.449084822638006 -2.80966037023543 0.00495938041946347 0.0158657614378343
42.7006387206708 -1.3668321286049 0.323274062040619 -4.2280909268655 2.35682550125206e-05 0.000175309643358978
42.8982349511872 -1.59953454819381 0.423045085503009 -3.7810025526994 0.000156198072405438 0.000867576935906628
36.2482105204113 -1.46142808603364 0.477998305175942 -3.05739177358738 0.00223272250917496 0.00823864856005608
37.2658844889529 -1.91036229507341 0.339674687512151 -5.62409377356114 1.86484334049058e-08 3.22467794552772e-07
37.8741891612847 -1.01730612666642 0.336789982728949 -3.02059496670111 0.0025227858135265 0.00911525375896476
35.556731411054 -1.83729641748345 0.536566235857793 -3.42417449086452 0.000616670116285978 0.00281262818421186
35.7476752677984 -1.69067390779329 0.336355087681376 -5.02645558135526 4.99628142010584e-07 5.95746632171604e-06
33.67115566374 -1.26023048220534 0.460520991734129 -2.73653211216244 0.00620905346092424 0.0191111589648409
32.4419592829768 -3.64990001856184 0.444440463777901 -8.21234859566205 2.16903471947884e-16 1.85760236955367e-14
32.1071528344572 -1.43385060252862 0.488628992558336 -2.93443619671716 0.00334154245248123 0.0114888806801133
36.3723170920475 -1.457655154105 0.478495771253773 -3.04632818443848 0.00231654833308638 0.00848619945718783
31.9010618699976 -3.07944189184837 0.962843067627166 -3.19828017190523 0.00138249892232946 0.0055086997298101
34.1904470921634 -1.14050187680661 0.442413750990726 -2.57790783910447 0.00994005048983975 0.0281353595262883
34.971211793706 -1.4958605103764 0.41990544176005 -3.56237467203675 0.000367515369695611 0.00181537697228833
32.9830675933092 -1.15107632209412 0.412080707224832 -2.7933273795953 0.00521688644191438 0.0165310089128162
35.4070638402092 -1.19928588385837 0.475924173270218 -2.51990958059079 0.0117384983754745 0.0321837479794806
31.7717153480874 -1.40013124884752 0.512251651102213 -2.73328791783269 0.00627054917064045 0.0192583500697523
30.030133602786 -1.02819201522843 0.426083278174596 -2.41312454136515 0.0158164140984622 0.0410889626353778
30.4154826038226 -1.49238069064918 0.612797638893353 -2.43535646342284 0.0148771257263087 0.0390732632782767
35.4004491882736 -2.7541184216301 0.81478431220682 -3.3801809636843 0.000724381184531885 0.00322046001892025
30.5522358133829 -1.69868707779225 0.427279961507458 -3.975583296252 7.0206964685208e-05 0.000445605046261899
30.9453768966008 -1.55107590480072 0.595737725902377 -2.60362209301294 0.00922444058076288 0.0265124227576348
30.6249084305868 -1.02554029319422 0.366330410626484 -2.79949538298056 0.00511825484996282 0.0162917830796783
31.5419567029306 -1.7351007760039 0.606027014330136 -2.86307497021692 0.00419551279968286 0.0138846278684022
27.6120709212722 -4.00416173586539 0.791402240853973 -5.05957846612191 4.20184342802156e-07 5.10626706137807e-06
27.205215362692 -1.65907537959627 0.464490561510902 -3.57181720592903 0.000354512824432809 0.00175868886484769
30.0453642411513 -2.79958557300034 0.567593457244441 -4.93237816128431 8.12344506956837e-07 9.14500694663075e-06
30.2161752683782 -1.98627308702881 0.32296085786397 -6.15019758173114 7.7386481551363e-10 1.86477880924625e-08
31.4186403409473 -1.54429568741781 0.658418403801995 -2.34546251821088 0.0190034892005198 0.0475462348236456
29.3163659929743 -2.53074316080204 0.674953590326191 -3.74950692473387 0.000177182604471304 0.000967178945595941
26.2275158235139 -2.29256137264818 0.728779501834576 -3.1457544660313 0.00165659015191894 0.00643101996189054
24.4726599187327 -1.12056071093946 0.452222671016348 -2.47789591888673 0.0132159691218883 0.0354706298304658
24.8833737589211 -1.10243302245611 0.437229720427051 -2.52140458653942 0.0116887370271658 0.0320542496363753
27.2239610481333 -2.05582475468986 0.377513285649117 -5.44570173511897 5.16015420837416e-08 7.94713907547296e-07
24.4639867742214 -2.22162732695153 0.736026090619715 -3.01840838968219 0.00254106215973994 0.00917344428217138
25.5035417442249 -3.59038621692369 0.690266524796587 -5.20144913297329 1.97740595797109e-07 2.59457769330058e-06
23.7707125586671 -2.1641480367699 0.626120832991565 -3.45643831467759 0.000547364471369854 0.00255418775512223
21.672127409272 -2.60390144057149 0.719435553401291 -3.61936719454713 0.000295324328329632 0.00150149854054476
26.1812460769542 -1.32383229345557 0.532895462799831 -2.48422511706172 0.0129833702378544 0.0349987702604858
21.4736216372785 -2.09796721924487 0.636423951530944 -3.2964931853965 0.000978999896331979 0.00413765377992925
21.3669884840283 -1.8458987571992 0.571715966936019 -3.22869897633237 0.00124354716229535 0.00504060130543445
24.1817526941122 -1.99536051259085 0.493059789961669 -4.04689360847286 5.19018166158079e-05 0.000344426976756736
22.6185319554695 -1.48576484833294 0.494014770075517 -3.00753122848093 0.00263379062563844 0.0094356405257115
22.2175018389247 -1.39653847187756 0.304102368947224 -4.59233013117344 4.38324256029177e-06 4.00738751251082e-05
25.1213868984468 -4.21072392412938 0.638521182103593 -6.5944937179018 4.26709480642017e-11 1.4270561127012e-09
22.0591488598916 -1.50828630723866 0.572046841063165 -2.63664825844587 0.00837296023537985 0.0244702031319898
21.5895214516083 -3.69099613918479 0.655206587421463 -5.63333185295121 1.76760855416448e-08 3.08601080220865e-07
19.2273424247223 -2.95432145044369 0.662202712116105 -4.4613551053015 8.14430044145778e-06 6.94209872868039e-05
21.4392844461011 -2.6999580341921 0.525465683006766 -5.13821952889993 2.77353761274435e-07 3.54380939934825e-06
21.2864463091183 -3.25174530599585 0.682915238746454 -4.76156501056368 1.92097394499601e-06 1.95255370912786e-05
17.7166221021457 -1.75317757013842 0.522766313848102 -3.35365444118466 0.000797518932104631 0.00348811334176197
18.2142874999316 -1.18977843428413 0.227435895327587 -5.23126937623644 1.68349973618374e-07 2.25325862261129e-06
17.1366800018713 -2.82020930672744 1.04319095321606 -2.70344494268571 0.00686248158175335 0.0207991281799913
18.3398248106868 -1.34605225879311 0.544217811377947 -2.47337046059726 0.0133845317412826 0.0358287095714376
18.4275355334141 -1.07583062801339 0.433835735207741 -2.4798109991982 0.0131452039443748 0.0353298261227629
18.0541000292902 -3.95447618283773 0.792676306598212 -4.9887654644409 6.07663664379732e-07 7.04297173340997e-06
18.1264236573488 -1.63831286704302 0.546420873408864 -2.99826186511205 0.00271524259340862 0.00966733142456581
17.112579980751 -2.63244067716378 1.04144849229811 -2.52767246448734 0.0114821414413403 0.0315696622058542
16.2357294676026 -1.21379783479645 0.456741365915696 -2.65751675975958 0.00787186762964784 0.0232523705909546
17.8071754479375 -2.08318959922063 0.322391283807136 -6.46168089478144 1.03546275693524e-10 3.14735981874202e-09
16.2533073877992 -1.14612453790284 0.4684787236413 -2.44648151573345 0.0144258194256326 0.0381727058914182
16.2034307026327 -1.80861034654487 0.604277112406545 -2.99301480961614 0.00276236344493889 0.00979383403205607
17.3759570790617 -1.36793008620322 0.52127008820491 -2.62422517070554 0.00868463492757452 0.0251836531015802
15.1596940777257 -4.4321574730923 0.563259327245175 -7.86876889330778 3.58148078358028e-15 2.50802590783867e-13
16.0091315481135 -1.8356808977945 0.51504027109634 -3.56415022438339 0.000365036860171603 0.00180480546134771
16.0219069636669 -1.4614180857577 0.414684985301476 -3.52416445629264 0.00042482049141515 0.00205440661147922
16.5525492738083 -2.72271451822204 0.420164452775918 -6.48011629787758 9.16519461375083e-11 2.82649249949615e-09
15.3027521809193 -1.34687258632155 0.473492173880295 -2.84455089359525 0.00444740803481931 0.014532327105268
15.2990459422427 -1.73994505930827 0.309308195714963 -5.62527952189047 1.85207823492741e-08 3.21136684373529e-07
15.9501136960346 -1.07459349169551 0.353121794890063 -3.04312423431713 0.00234135650422173 0.00855820712702162
14.4729029672391 -1.07387361215227 0.33119666827439 -3.24240463452546 0.00118525608420535 0.00485242922070504
13.9877008544254 -1.24928879623476 0.434170462032804 -2.87741545195299 0.00400947337897335 0.0133772242902046
13.4178273391834 -1.08306964111659 0.414062599207247 -2.61571473296599 0.00890409136030233 0.0257141394376468
13.5220035787025 -3.39527572097561 0.632171048111976 -5.37081812132309 7.83802313819626e-08 1.14132916199734e-06
15.2561882460506 -4.12909337877487 0.858661712580301 -4.80875450515528 1.51873581296745e-06 1.59090714292252e-05
13.0764724648482 -1.41870176348193 0.373626407800303 -3.79711319613202 0.000146390951740888 0.000821020050139712
12.6694435500844 -2.66062796029835 0.683237353909829 -3.89414885628383 9.85441253490618e-05 0.000589173013584603
12.3302613766113 -1.86158846927606 0.533668594154298 -3.48828559459473 0.00048612852677944 0.00231468034445132
11.3744345258771 -1.27525550228242 0.522074045174028 -2.44267171308493 0.014578992258942 0.038484648397802
13.0314053837502 -1.64241808587086 0.529058646785135 -3.10441592033537 0.00190655107856445 0.00723519009604922
13.0066623489628 -3.29823889097574 0.605426644942435 -5.44779275660943 5.09987305351933e-08 7.87343373366108e-07
11.9688956810852 -1.78753728580349 0.430078382234166 -4.15630582620222 3.23434811679444e-05 0.000229304523257255
11.402894551283 -1.88106501987989 0.720306498100236 -2.61147862033882 0.00901516245704006 0.0259698145779506
10.640612477262 -1.00063790519151 0.2873605047279 -3.48216922203351 0.000497369275557923 0.00235933965856912
10.0071007943128 -1.96921927497521 0.475041595329602 -4.14536178375894 3.39277603328073e-05 0.000238246184054478
10.0359096435955 -1.11766633723078 0.466823525577124 -2.39419454246448 0.0166569112539577 0.0428161326594837
9.94574140427985 -1.89604390912237 0.404938330179052 -4.68230287877168 2.83669925781018e-06 2.76153326365161e-05
7.70026446755641 -1.17317359133725 0.421222854655816 -2.78516129495363 0.00535011023059234 0.0168604294313172
