6060.11234814359 1.05990988937539 0.188287557016232 5.62920835647157 1.81038600510357e-08 3.14768760146608e-07
3908.72118780936 1.06133393763741 0.260400361955539 4.07577750532706 4.5860853579824e-05 0.000309524131589068
3505.59200226968 1.19362594433703 0.322357768143688 3.70279876055283 0.000213234022239001 0.00113703880180031
2875.58489749666 1.83511897817945 0.234016079807981 7.84184992623258 4.43956767461984e-15 3.00917220726238e-13
2617.83985519568 1.1736590337494 0.209955256282873 5.59004358608737 2.2701262268463e-08 3.8314047836587e-07
2589.43671150099 1.05872788990105 0.277448124251425 3.8159489913928 0.000135660529483977 0.000770729364056213
2353.75424950885 1.50141299352372 0.364479550110198 4.11933397379846 3.79969087314505e-05 0.000262029824902685
2069.43216867561 1.20603893482354 0.224012406206318 5.38380420641864 7.29278302996532e-08 1.06986139936123e-06
2008.21761082369 1.03652329701477 0.150284636019118 6.89706762095706 5.30869166679921e-12 2.18466450898312e-10
1806.92749222653 1.36382530291867 0.253758454899157 5.37450191939672 7.67946654170049e-08 1.12139675594532e-06
1522.88050602006 1.26742887176145 0.155464736930716 8.15251674935318 3.56427565401159e-16 2.91465767190948e-14
1482.90999107568 1.54104168742608 0.249449632900083 6.17776690833351 6.50146045192809e-10 1.60322979043168e-08
1353.98764880318 1.61211114095729 0.238492497729898 6.7595884830854 1.38384226332937e-11 5.14375386736064e-10
1224.47644247558 1.18076558996894 0.385786277785071 3.06067285946019 0.0022084024194873 0.00818112323068644
1133.51874767605 1.664462856002 0.263661125497931 6.31288686513272 2.73877720074191e-10 7.33911226625872e-09
1113.82339730971 1.2109855665719 0.265253036058258 4.56539757119284 4.98548580839795e-06 4.49438354348819e-05
1058.24479956827 1.43275264569852 0.332563126812374 4.30821257735783 1.64579168633185e-05 0.000129086693219407
1018.47577305495 1.58536702975983 0.231002016187175 6.86300083405005 6.74288328117621e-12 2.73054458750506e-10
1004.29153175154 1.12146764687748 0.268626440937397 4.17482226605846 2.98218787531798e-05 0.00021379655723787
1011.8760560418 1.12643877044185 0.198371225338137 5.67843833460099 1.3593001888036e-08 2.42663801311065e-07
990.705768299288 1.13970973117824 0.398416447998771 2.86059909650557 0.00422841381468575 0.0139572407210136
894.823396339572 1.6762762460082 0.328073449188239 5.10945414862389 3.23090884988921e-07 4.04262286992554e-06
878.506741737061 1.48886107878983 0.336718308583851 4.42168139015543 9.79357977024831e-06 8.13457559553718e-05
879.833282289557 1.31605562985699 0.184866480324964 7.11895216235842 1.08750643726899e-12 5.06770003396485e-11
851.867894872408 1.36543318258322 0.20099672201924 6.79331070111938 1.09589007196081e-11 4.17272343374439e-10
805.601665786268 1.21263631962996 0.328146356889707 3.69541301973844 0.000219529627327847 0.00116278229267884
814.485106435625 1.00389986950898 0.193781604548857 5.18057362486061 2.21204595673018e-07 2.88157065791932e-06
760.035417875651 1.14206122861163 0.188173594570642 6.0691896289566 1.28557279585693e-09 2.9187823072159e-08
721.53115075458 1.11820286756877 0.251305157991433 4.44958184108141 8.6037640011717e-06 7.27988709711958e-05
717.690819590685 1.6094051383508 0.192274894323007 8.37033427592021 5.74550131305252e-17 5.35472273109858e-15
700.897934855818 1.34838318546475 0.223741023768466 6.0265353342626 1.67511703525241e-09 3.66703081551371e-08
697.673292346833 2.0131824831666 0.262376895720013 7.67286493592371 1.68196572088045e-14 1.05539185703761e-12
698.854685358086 1.01955535332314 0.16421882631955 6.20851686845701 5.34869823221361e-10 1.33192043405319e-08
692.820562219256 1.80720120712871 0.299748871659342 6.02905090893071 1.64925334365719e-09 3.62292653914297e-08
693.060048808576 1.00166142580731 0.25241713412722 3.96827825999509 7.23937744122546e-05 0.000457195361572161
669.897185189589 1.14400409196001 0.199767579065808 5.72667545609667 1.02417831052781e-08 1.89510366218103e-07
657.05432859729 1.09656707705596 0.197870840586186 5.54183261064346 2.99322368669486e-08 4.84535251964973e-07
625.919945141925 2.04414125834663 0.374624020734837 5.45651411870755 4.85572683426732e-08 7.50565092979736e-07
625.730513131453 1.11806748773478 0.177619076207628 6.2947489177785 3.07897826263143e-10 8.07992742833403e-09
637.67720477892 1.05565648054191 0.217063180236751 4.8633604252481 1.15409416062137e-06 1.24813510971637e-05
613.831801922815 1.40596896874467 0.394349833268385 3.56528353794891 0.000363463038209187 0.00179816315741665
582.491979903758 1.44774213096579 0.29351898799898 4.93236277773899 8.12408506659268e-07 9.14500694663075e-06
558.876112726173 1.24856632564778 0.1661219066437 7.51596433531022 5.64929536678542e-14 3.25476448972751e-12
547.957221864968 1.68454998494364 0.319139437252453 5.27841372237267 1.30306994289922e-07 1.78170566626188e-06
553.065366563817 1.02818614190905 0.17370134301908 5.91927571795526 3.23362474743517e-09 6.71498299458351e-08
534.762472832859 1.32361826431888 0.20577243949333 6.43243705317391 1.25574041947201e-10 3.73626991004876e-09
530.034244560482 1.07763401850701 0.207332582392395 5.19761055436765 2.01866486956411e-07 2.64324144852532e-06
524.183912031709 1.14110888862976 0.22662905000705 5.0351395312925 4.77500888346674e-07 5.70973939603217e-06
521.346284122784 1.07745135591075 0.165430679499925 6.51300810205059 7.36605356479614e-11 2.35175639631715e-09
508.731744359813 1.15020991908307 0.20461093121172 5.62144902166983 1.89362379451893e-08 3.26998386860047e-07
501.191026318695 1.09803209706694 0.255133299362741 4.30375846590606 1.67924733186847e-05 0.000131385555132301
493.250254639065 1.47115792978527 0.258747925314125 5.68568009965398 1.30293091333684e-08 2.33918545701762e-07
476.354218239301 1.3128335582412 0.202493412682699 6.48333958546281 8.97142581339553e-11 2.78707897511736e-09
460.090366529344 1.29979373500104 0.443973726774235 2.92763660688867 0.00341548982414458 0.0116751169150573
445.032512074555 1.1040285204208 0.301004732486854 3.66781117127125 0.000244635739709478 0.00128024690372322
426.116071594256 1.737305243241 0.272981601523971 6.36418437558491 1.96330190174225e-10 5.59210148417597e-09
416.494870183383 1.03381409347161 0.183063151792021 5.64730850174659 1.62979216015682e-08 2.88111794002618e-07
410.194342462687 1.91363064884685 0.279503144240747 6.84654426355421 7.56552445421907e-12 3.00580716970683e-10
405.219856131913 1.76042241994176 0.49497171699347 3.55661214469954 0.00037566815450428 0.00184844482078484
384.007677025648 1.39288302805731 0.217043118112645 6.417540625888 1.38493408847566e-10 4.05405070933696e-09
367.961444157363 1.4180614320162 0.3511211462886 4.03866712957995 5.37557855703444e-05 0.000354687445134886
382.221781683322 1.86069313066222 0.787784887824226 2.36193047038672 0.0181800515526671 0.0459302677755741
361.279632866729 1.31359624980668 0.234348000267423 5.60532305932926 2.07866880060205e-08 3.56042257400418e-07
361.700149422223 1.16821240543413 0.17287864981062 6.75741282520339 1.40477509938412e-11 5.20629367973499e-10
351.54770461256 1.52403739638547 0.36630039149237 4.16062180598902 3.17382287685073e-05 0.000225747502604282
347.204803638113 1.29818498343953 0.196907000386443 6.59288385324926 4.31364045241395e-11 1.43882612458808e-09
348.117462464892 1.2421365605807 0.163598411419141 7.59259548919656 3.13560247825588e-14 1.86590429163818e-12
340.116586364332 1.35623815034181 0.307576866664918 4.40942833265587 1.03643849986254e-05 8.57497257555987e-05
338.127520444423 1.60529146666627 0.29162351434229 5.50467087774709 3.69858569837145e-08 5.85994671585727e-07
333.841373740878 1.13768298867966 0.180485131757306 6.30347207884953 2.91050663513549e-10 7.71771372392099e-09
314.850876841356 1.62047996841929 0.492246290455758 3.29201052367287 0.000994738893667385 0.00419298818664254
311.576656409091 1.02834929378279 0.132383575728973 7.76795224120637 7.97651233132038e-15 5.21145844327246e-13
305.812368415936 1.04491458815005 0.376231790403998 2.77731604505835 0.00548098555773503 0.0172044308925932
312.328046031859 1.02379956595602 0.327464137919995 3.12644789887238 0.00176931852310653 0.00681230628200951
289.73221017761 1.52010844629 0.317232035872825 4.79178731778337 1.65302082625709e-06 1.70619209876292e-05
289.309506966527 1.4823660452475 0.222476855075615 6.66301240523954 2.68271007418714e-11 9.29053283888579e-10
298.93196378035 1.0620223455704 0.342275797694457 3.10282629599902 0.00191682111493706 0.00726981078151624
286.251515951429 1.03875751358417 0.119429811653593 8.69764005487248 3.38857386256349e-18 3.67095501777711e-16
275.393725998522 1.2587129107343 0.471316530786334 2.67063179098406 0.00757086447488846 0.0225312766422191
267.476383663309 2.89490559979713 0.469503820505139 6.16588294570745 7.00909214925141e-10 1.70518700560003e-08
276.39337800015 1.14180002730642 0.115629926221439 9.87460655401442 5.3643057744384e-23 1.11463238837716e-20
260.501667472235 1.26920290193341 0.264660815640044 4.79558297613506 1.62202409890035e-06 1.68379651544324e-05
245.086683232492 1.07769191286974 0.259648624086126 4.15057817719174 3.31636468244458e-05 0.000234177840389889
247.373620246149 1.02300472697498 0.20185954402174 5.06790368487507 4.02220826333852e-07 4.90206632094382e-06
247.496008602137 1.10355289973254 0.238626108933907 4.6246108804389 3.75302281340337e-06 3.52628348108878e-05
245.523029017459 1.04371081143929 0.214874685231599 4.85730001332795 1.18997224611402e-06 1.28255937240605e-05
242.775708714019 1.19256690612169 0.285084900600017 4.18319912282867 2.87435421961532e-05 0.000206884950219331
246.061216016702 1.51656687786058 0.456665141859444 3.32096045624468 0.000897082466170241 0.00384860555240896
222.158300880755 1.06691728659859 0.384007790005665 2.7783740704397 0.00546316848784663 0.0171570021267235
226.83286813171 1.05403325022877 0.227121705413217 4.64083011489855 3.47012331013732e-06 3.28728048998435e-05
224.342676792765 1.76160781019122 0.299964922781819 5.87271269538585 4.28721113547538e-09 8.6667306446811e-08
212.838163052988 1.62352869177244 0.296747791780449 5.47107252940779 4.47320171655053e-08 6.98249159572388e-07
208.344272743749 1.3821949394473 0.301262112748379 4.58801449288693 4.47481580028512e-06 4.08339022812195e-05
210.178072232201 1.1808852136762 0.351924644754266 3.35550587683555 0.000792199733069093 0.00347203721184328
204.21822797771 2.0565824848096 0.311340485382773 6.60557358058065 3.9598116782552e-11 1.32779399528796e-09
205.239742347964 1.22636781908255 0.230748702933753 5.31473331589924 1.06813643006983e-07 1.48612834809387e-06
190.736895731521 2.61250373777293 0.513725881609834 5.08540416454447 3.66844032680396e-07 4.52750546662514e-06
204.65910817461 1.39959876567075 0.347449217655702 4.028211014876 5.62028890009425e-05 0.000366950320351051
197.007032345693 1.51110600376312 0.270591014303625 5.58446483395615 2.34420943464702e-08 3.94069689444973e-07
192.059270783837 1.35824585351297 0.408998253338317 3.32090868952796 0.000897248868431438 0.00384860555240896
180.388231389503 1.19154503401271 0.377623605373557 3.15537751628104 0.00160290552825923 0.00625903498788838
183.731131863935 1.94578880755121 0.360902673893473 5.39145023936714 6.9891314096886e-08 1.0361080774012e-06
182.697086029727 1.26211027180041 0.177092927852215 7.12682480947881 1.02710684412165e-12 4.80390378200809e-11
175.281824139719 4.0486140433106 0.486909564709426 8.31491992917966 9.18142377057044e-17 8.19539058394228e-15
183.233095839584 1.06404930177624 0.204532413201657 5.20235049848628 1.96783646804095e-07 2.58469712253046e-06
180.388136138046 1.02006449470632 0.200122042064363 5.09721210209443 3.44692056617225e-07 4.29172084245907e-06
171.479633102924 2.00842936101275 0.47192311024097 4.25584023631989 2.08265388721333e-05 0.000158259220745977
173.306063682508 1.11750461475841 0.181147340937285 6.16903681266456 6.87072321530678e-10 1.67473878373103e-08
166.413931384376 1.55761846897184 0.305953693037315 5.09102685935504 3.56129569834133e-07 4.41480176292211e-06
160.550298282847 1.2544586946903 0.276798132147868 4.53203453706893 5.8418295625129e-06 5.19980264781257e-05
158.862945672409 1.76296558457067 0.299372001954191 5.88887929753842 3.88823287866081e-09 7.93885481190864e-08
158.373565828413 1.03422548056879 0.200951717713352 5.14663667639839 2.65198259172611e-07 3.40566153496742e-06
157.026427050703 1.17687911600984 0.265099594604975 4.43938481974487 9.02163804930874e-06 7.57279882615816e-05
150.297996519893 1.03326434981868 0.254926893649484 4.0531790703863 5.05262971684506e-05 0.000336532221024756
151.946436970246 1.14443254248848 0.411310519348112 2.78240523559255 0.00539576204353681 0.0169789681980708
147.891095828996 1.18000783567397 0.175759380565194 6.71376874383251 1.89660813123176e-11 6.84886269611467e-10
139.965033037266 1.123207991076 0.242047910037041 4.64043664291135 3.47673761598923e-06 3.28863054348235e-05
137.418764508478 1.53897748777606 0.365668193037872 4.20867200669179 2.56875946505407e-05 0.000187768317298503
139.413373810855 1.26401613317342 0.368702176606046 3.42828497734639 0.000607407488578183 0.00278440865017305
136.356710886879 1.60302256262964 0.287448778835462 5.57672420500077 2.45089970774996e-08 4.08752023628036e-07
133.634332860837 1.16762417794649 0.299421362449602 3.89960211387061 9.6350895261973e-05 0.000579064768821957
128.2201706356 1.10964683428938 0.170585165873365 6.50494331443296 7.77226823526933e-11 2.45669575765683e-09
125.540921615704 1.12545966894632 0.220220569920742 5.11060192674723 3.21133997260238e-07 4.02210811785921e-06
125.952915039679 1.78973236913181 0.426623040845925 4.19511418226042 2.72734160865844e-05 0.000197537456512833
133.277857456136 1.10670385280079 0.431670374182637 2.56377068937454 0.0103541927091738 0.0290687810423422
122.961756769382 1.87200420787734 0.515860365482015 3.62889714569979 0.000284634609283295 0.00145767421117808
120.913554067278 1.16799008534815 0.210642211511511 5.54490041177866 2.9412152487916e-08 4.79176134684236e-07
117.230334978202 1.32259891005493 0.560131612887049 2.36122882484341 0.0182144877368616 0.0459714520240383
119.719759067591 1.18725090842151 0.195100122711613 6.08534167954593 1.1624314126711e-09 2.65474201001913e-08
116.695089602224 1.36954255038136 0.262304726833036 5.22118898472277 1.77778001955552e-07 2.3595143191483e-06
114.766651368635 1.74211350464205 0.380958351495073 4.57297627891637 4.80844594971048e-06 4.35647265279345e-05
116.471527101166 1.75066621318554 0.421129969523245 4.15706869584097 3.22357081864857e-05 0.000228772453115177
111.49523513363 1.07084244099677 0.214107519283205 5.00142379203575 5.69084619944849e-07 6.66033938855121e-06
113.076786504601 1.16375400718673 0.280610255895332 4.14722549421289 3.36528581194424e-05 0.000236840631129335
109.673915259126 1.39092795024443 0.376258431767764 3.69673562851328 0.000218389558911209 0.00115868047685206
110.477361133514 1.02147901040924 0.276063746362591 3.70015630037707 0.00021546671871101 0.00114605147279146
111.815182120365 1.09649349679526 0.363625729257528 3.01544530150312 0.00256602217419439 0.00924774838155071
109.230043815227 1.39869302228059 0.262007788912836 5.33836428330725 9.37888725676993e-08 1.33420197507922e-06
107.902692537509 1.67245351964453 0.263854463355735 6.33854549350445 2.31944356400999e-10 6.47553902507195e-09
103.553564862806 1.05204838981563 0.208085572709554 5.05584493973582 4.28489385177953e-07 5.19722771017277e-06
106.295529946176 1.56834568527133 0.443383838741985 3.53721887951804 0.000404364403538989 0.00196712006949156
101.730923240415 1.63600533562361 0.257464434869487 6.35429641555321 2.09382743920074e-10 5.91074895141856e-09
105.025927473443 1.00622977158582 0.234295188340108 4.29470950178096 1.74922230333264e-05 0.000136187915815364
94.9631713860232 1.36160016015895 0.324445294309841 4.19670182936493 2.7083011337547e-05 0.000196270536708638
91.5904254638436 1.17745810729939 0.396419358143305 2.97023362535627 0.00297573349646303 0.0104393639821946
92.0446021471823 1.57247466412781 0.324325446208771 4.84844677625324 1.24431905620703e-06 1.32667299556492e-05
87.7869716245992 1.49474196305432 0.448663953210115 3.33154012565461 0.00086366848062302 0.0037349020784363
80.7325076214769 1.58503445757624 0.292784508178401 5.41365548142471 6.17509255324308e-08 9.29564110598053e-07
78.4943001785473 1.25794538726522 0.426016533771776 2.95280884083978 0.0031489689741488 0.0109112033207589
80.8384118560119 1.96368543593672 0.43705776166931 4.49296547997813 7.02381736101638e-06 6.11868625779262e-05
77.4348149901225 1.28900395210705 0.327399196538342 3.9371017575362 8.24716411295812e-05 0.000509667504299094
78.7926127998626 1.28985594766749 0.288171400900256 4.47600262773456 7.60535487748027e-06 6.5487685510912e-05
75.4637673246531 1.16559159934134 0.184866381319479 6.30504903607654 2.88102669053246e-10 7.6716414501048e-09
73.0220221976309 1.30306949290114 0.414463416655386 3.14399158173374 0.00166660234023538 0.00646320881507379
75.5616874486957 1.1970057773509 0.352511235142586 3.39565284172215 0.000684651365389791 0.00307401914853546
73.2359699001437 1.05439075412057 0.210714113191798 5.00389242158088 5.61841193241353e-07 6.58164244393175e-06
70.1556641813323 1.15382310116974 0.376073682971574 3.06807722373106 0.00215440936121423 0.00801175018630805
70.3450272101928 1.21780313971223 0.227423493577988 5.35478160392703 8.56598168192368e-08 1.2323929377796e-06
68.9773678637805 1.32203794936729 0.281389840756293 4.69824335453633 2.62408658336401e-06 2.58432769573729e-05
65.1304422455828 1.09158193679696 0.451224520923347 2.41915473601311 0.0155566210960251 0.0405470229060495
64.2851887848715 2.02584133579341 0.583630898643989 3.47110021162392 0.00051833052351246 0.00243778826920981
64.5293274894504 1.05840874433466 0.199788778091029 5.29763860837281 1.17309850625815e-07 1.61619821378501e-06
63.1731815829305 1.13718260176639 0.295864534889703 3.84359214324328 0.000121246445985908 0.000701414287024824
63.2753346422755 1.13927454065798 0.211351512968561 5.39042529034296 7.029113375839e-08 1.03839174870349e-06
61.9711016906782 1.38290691332333 0.20669181960279 6.69067075794743 2.2214996739238e-11 7.88725724565383e-10
66.0721727075993 1.55893857162336 0.569661939477867 2.73660299835414 0.00620771585243014 0.0191111589648409
62.1192308761125 1.47762424641729 0.326590246960606 4.52439795789591 6.05676660461087e-06 5.36474610156833e-05
61.6498852876879 1.50297871248324 0.450212103962976 3.3383791756226 0.000842686698459381 0.00365664289728609
61.5659341288779 1.2129150498591 0.346050660086274 3.5050216334126 0.000456570181935617 0.00219205570304316
61.5853167865752 1.36684510432062 0.377471629327045 3.62105387034628 0.000293405407767257 0.00149353957568273
58.6066643451842 1.20801754648382 0.362343613020953 3.3339004830588 0.000856372912852515 0.00370978436775964
58.4322797980851 1.30096693754954 0.313650011866648 4.14783002814827 3.35641431433767e-05 0.000236347507967944
56.4632703831802 1.11106373695367 0.409658279055808 2.71217205597428 0.00668438869745973 0.02036160219666
53.8039265944749 1.18580714795637 0.294404851224666 4.02781116895203 5.62985304823893e-05 0.000367258813105654
55.0810879918975 2.49350664743237 0.494263583642672 5.04489250261062 4.53776414209027e-07 5.47251764995188e-06
53.7336659946917 1.744903460918 0.449749917117548 3.87971936070851 0.000104577052660205 0.00061795531117394
53.5504510120753 1.06381988311485 0.255608879414815 4.16190503847258 3.15603600107265e-05 0.000224734586031437
49.8559843608174 2.60608016600932 0.614516242866846 4.24086457642098 2.22660453860594e-05 0.00016749087553015
49.6669702784213 1.35011158925467 0.202590514236833 6.66423891730864 2.66040379227213e-11 9.23852549782171e-10
49.1145468528671 1.27208847311982 0.366462833171071 3.47126190700488 0.000518018484204855 0.00243722505096382
48.0268655096434 1.39839706300846 0.291629403338695 4.79511684006835 1.62580042397802e-06 1.68495669451524e-05
45.8621382761926 1.40661584159207 0.273561268934718 5.14186765937156 2.72020707240258e-07 3.48268935784876e-06
44.6738409535168 1.10206431112407 0.468916325969845 2.3502365989171 0.0187614811796036 0.0470149810105726
45.6462843245066 1.48475324522536 0.383590386233453 3.87067376689086 0.000108534959375365 0.000635418295650232
44.3219806307373 1.29294878402724 0.305337160270411 4.23449534567684 2.29065528937444e-05 0.000171697550519343
43.2430253598805 1.10519659367436 0.197596915787755 5.59318747090915 2.22938343298745e-08 3.78278915838232e-07
42.0978915182122 1.31365226666881 0.290845039895815 4.51667412701754 6.28184638720598e-06 5.54473558202199e-05
40.6671793157962 1.3017226744949 0.22690080240432 5.73696814070902 9.6386379235873e-09 1.79570118745058e-07
40.2385898363399 1.08618477545012 0.324659629334522 3.34561084073357 0.000821015370757168 0.00357853157646049
38.8855527907489 2.30562528595552 0.479870788453819 4.80467938751685 1.54999677856625e-06 1.62231289581562e-05
37.2111946160148 1.1023032595238 0.204661958193554 5.3859704522192 7.20548003977234e-08 1.06166476264102e-06
38.7395471386909 1.23554482219625 0.508776884255202 2.42846100212465 0.0151630557281351 0.0397254508793122
36.9530087714381 1.10552036052795 0.418364215546058 2.64248307921127 0.0082300577497041 0.0241336925507592
36.2979017334456 1.15959577428133 0.319872410818494 3.62518221347736 0.000288757781947344 0.00147640374593892
35.0105005172237 1.21831221033067 0.348499164314902 3.49588273109834 0.000472496303515807 0.0022599587347407
35.4933279139598 1.81675536043567 0.347514859045162 5.22784943765403 1.71493071320085e-07 2.28807860945482e-06
33.5586400649746 1.43737161716668 0.534642447505017 2.68847268651109 0.00717797076825156 0.0216003749970533
33.1046981241541 1.0713307503901 0.44237326413565 2.42178006051828 0.0154446950199835 0.0403050256080484
34.3742081470878 1.3647701775845 0.300056924124146 4.54837088518523 5.406279591753e-06 4.83930747355009e-05
33.882607440754 2.0069951109878 0.759354080421267 2.64302933603041 0.00821679157201723 0.024102715384244
32.803013863783 1.077955182191 0.335303347028839 3.2148655590315 0.00130505628085246 0.00524630141446398
32.2918615809236 1.4059609479549 0.246652373437545 5.70017198034751 1.19686621000707e-08 2.17521058850963e-07
33.2416160331938 1.0442969228619 0.303040032573928 3.4460692007982 0.000568804681240985 0.00263605094505649
31.9967819198273 1.02590512705995 0.235000338241078 4.36554744873394 1.26804771489545e-05 0.000102784669416873
33.6432935529173 1.66222668954225 0.676555068881718 2.45689784320107 0.0140142531932701 0.037260506998413
31.0118159558451 1.10719557084546 0.285338317952456 3.88029052245954 0.000104331768496495 0.000616793454147889
31.7337142161019 1.09968808237162 0.246826379186336 4.45531019008887 8.37719839846831e-06 7.11668831773363e-05
30.5080641622721 1.3514521168847 0.351545436668159 3.84431705242244 0.000120888630614962 0.000700303196089872
31.3272060918903 1.04791688849225 0.335997238539609 3.11882589585246 0.001815732178397 0.00695089258869889
30.8108042291347 1.54462268737654 0.303436420181472 5.09043273860391 3.57247279816016e-07 4.42198171061328e-06
29.6255740602306 1.0088693492703 0.280314768721761 3.59905885041575 0.000319370916043679 0.00160891349795454
29.5751671168576 1.09738970394576 0.26991886367781 4.06562805204925 4.79032830989031e-05 0.000321098139512739
29.6978683969743 1.17319405328183 0.356320565351858 3.2925241127279 0.000992923830717785 0.00418672972533198
29.1186161967983 1.99492521694449 0.524336361518722 3.80466693396249 0.000141995124355476 0.000799905867202517
27.3709063285587 1.00762876086258 0.306156101866299 3.29122547197386 0.000997519263500477 0.00420331006145896
28.128950910219 1.69152350451569 0.668906396477512 2.52878954876694 0.0114456634112421 0.0314830259846993
27.7466556289537 1.35530941921259 0.401643124279193 3.3744121018999 0.00073973535636028 0.00327951928711667
26.4259824732954 1.31447503461262 0.235436624693416 5.58313744229182 2.36217918653795e-08 3.96564519064483e-07
26.4385665706936 1.21029431741195 0.406748993953701 2.9755311885288 0.0029248160754321 0.0102806555064065
26.7314895009317 1.09373353502746 0.336654462661832 3.24883123894932 0.00115880204776828 0.00476104244909658
25.0698495027745 1.09383358876519 0.221098137111505 4.94727636811133 7.52590886961893e-07 8.54757122960752e-06
25.5439100816138 1.37986369412875 0.398620491449147 3.46159749367723 0.000536979589166499 0.00251151892719018
24.8050050194265 1.57671586882266 0.227944051895568 6.91711784409722 4.6092465851707e-12 1.91548198252586e-10
23.380426310132 1.34618188159165 0.485669798491132 2.77180480601004 0.00557464536036206 0.0174379639542421
23.601160434822 1.15687870182049 0.417515726552046 2.77086257654123 0.00559080170004453 0.0174725653552627
22.9591958962795 1.15458420870383 0.337453819751089 3.42145840742141 0.000622862511308429 0.00283780817068093
24.6373310937115 1.26071153282277 0.445005877148605 2.83302220838259 0.00461101823513595 0.0149666212881814
23.7819441018209 1.35016654701305 0.4703439965277 2.87059377175134 0.00409701659369054 0.0136155441334629
22.8355017011497 2.06078079405385 0.538557072956568 3.82648543215779 0.000129985838269064 0.000742148873901076
22.7117348887365 1.49470840302397 0.30709977582755 4.8671751680578 1.13204684548525e-06 1.23059123212054e-05
22.5315888842705 1.19438694817389 0.300759768503082 3.97123243616823 7.15017748592221e-05 0.000452689808361958
22.8516621863981 2.14002263278565 0.40203030548675 5.32303809832112 1.02048361607004e-07 1.42924086560086e-06
22.7454440087219 1.38182346777307 0.429929453178486 3.21407025631112 0.0013086764825836 0.00525585374421644
21.4880988847945 1.2126003799253 0.305793904998473 3.96541709989724 7.32677139066488e-05 0.000462484200083055
21.1816046025131 1.10842446401139 0.341447207953799 3.24625429112127 0.0011693433938709 0.00479502669599278
20.8889391803303 1.09552613175279 0.339361402807502 3.22819897221551 0.0012457229346082 0.00504458089334153
20.6789591015527 1.55004035591397 0.364770654042556 4.2493559685674 2.14386003445333e-05 0.000162423346901949
20.7669642722257 1.95710372398742 0.35076638630706 5.57950761642871 2.4120038459768e-08 4.03326500630026e-07
20.4623772274456 1.29121209897929 0.398692141163291 3.23861938991783 0.00120109739377879 0.00489573769832129
20.4331397329705 1.65386086967068 0.329490846199185 5.01944405663664 5.18212338694221e-07 6.13290512880416e-06
20.2658960969318 1.51278816533457 0.48452829293764 3.12218747054523 0.00179512588398421 0.00689445236290466
19.7925298923687 1.64056466961048 0.492611895503288 3.33033912616819 0.000867402701711018 0.00374721514798471
20.09747331115 1.15043198224595 0.321163083623161 3.58208038504146 0.00034086886359451 0.00170031989219221
19.340188910737 2.09220290329831 0.415312900076888 5.03765450798898 4.7127110413852e-07 5.65659208802627e-06
20.0780059098661 1.11533421968515 0.3589008206024 3.10763909041251 0.00188588218985677 0.00716533475912308
19.0968823641779 1.02479119349936 0.25003202282092 4.09863977396746 4.1558524198322e-05 0.000284117742294354
19.0921205157535 1.59129047363755 0.492302913600366 3.23234015009161 0.00122780808049305 0.0049831788089175
19.365556286005 1.20731047457077 0.460709166468789 2.62054797785875 0.00877885763543793 0.0254277926254972
19.3490019210868 1.20069241420172 0.335444501527354 3.57940705164251 0.000344374705931968 0.00171510781834487
18.7710053318782 1.14609495383785 0.350201956975872 3.27266861594611 0.00106537305307618 0.00443613779492134
17.2448010146602 1.03936398195324 0.287852044821805 3.61075768142159 0.000305303806025821 0.00154603505448553
17.1914651505277 1.28431721334665 0.289248912834023 4.44017991550281 8.98837014023271e-06 7.54987352733264e-05
17.0277203971247 1.54758101293788 0.326469941300762 4.74034763130664 2.13351845603831e-06 2.14694444445958e-05
16.6490466717831 1.0636273198454 0.406894802641702 2.61401058194887 0.00894862649064283 0.0258133456460851
16.8178781164444 1.01449349815629 0.343379041019901 2.95444210905549 0.00313234915164938 0.0108714472883778
16.9068145425088 1.73298689748858 0.444159680952028 3.90172042129991 9.55114342039999e-05 0.000575383758809743
17.084199621079 1.29457446359659 0.538194632979518 2.40540203165841 0.0161546827733681 0.0418107823662029
16.3482338131803 1.20915869311249 0.323197047881198 3.74124300032889 0.000183112364685642 0.000996115546090348
16.2546077157883 1.11060833801447 0.300161151297996 3.70004023909099 0.000215565283955595 0.00114609478780921
15.8643285645943 1.11447072721394 0.28696161452815 3.88369269892233 0.000102881923513867 0.000610200261891234
15.835182289091 1.2718612432628 0.369523239507578 3.44189784912489 0.000577648339896658 0.0026682553601276
15.1282092545043 1.71158095958497 0.367547657223259 4.6567592690308 3.21225679094526e-06 3.07750225436365e-05
14.6733108234738 1.10113068065366 0.332204232112158 3.31461966529644 0.000917678916848501 0.00392296130558339
14.2365974095982 1.96396672501905 0.362496666561966 5.41788906266625 6.03068144343327e-08 9.12158559612371e-07
14.0267522418813 1.20952238443183 0.437949303407696 2.76178629585776 0.00574860918017392 0.0178850322431773
13.9535022382623 1.2188024295928 0.372663151155125 3.2705203769542 0.00107349807925776 0.00446556880688943
13.9350905086271 1.36974516304389 0.299689566226467 4.57054671702788 4.86453459838081e-06 4.39785849033358e-05
13.1763613701263 1.73351824791482 0.458846519796295 3.77799149197952 0.000158098278762457 0.00087506361716775
13.3229671139921 1.27006881791879 0.301545646435774 4.21186255855729 2.53273638622417e-05 0.000185777972774255
12.892720063783 1.32705505324135 0.514382975094384 2.57989692018452 0.00988298104371719 0.0280050938361537
12.9964922145476 1.690525671027 0.348081699540758 4.85669218823454 1.19362925612941e-06 1.28439859991745e-05
12.6318159340924 1.70299891611724 0.388795635890835 4.38019041087025 1.18575648918498e-05 9.69642806478688e-05
12.8498041013324 1.17289394631893 0.484888487860304 2.4188941904862 0.0155677678306639 0.0405593951189445
11.4007969293987 1.10102942602187 0.394263633350001 2.79262232904055 0.00522826947622897 0.0165546629056213
10.9708668876781 1.1218316720096 0.353879634186128 3.17009390661786 0.00152389679166968 0.00599112649950783
11.0779803027918 1.05070280558554 0.305572912239477 3.43846840966748 0.000585014791153846 0.00269540620787895
10.7111631886333 1.11644844642953 0.434293031780635 2.57072613357852 0.0101485546386354 0.0285978057013571
10.6498294443973 1.23225535037667 0.281575385633635 4.37628931095555 1.20716764393699e-05 9.85879503021992e-05
10.4994198783691 1.11144152733875 0.38495893871751 2.88716903429107 0.00388725331269975 0.0130380883139638
10.7745761254257 1.57536137982432 0.47801428131814 3.29563663972593 0.000981989361906009 0.00414890505405289
10.1607936963537 1.03009752331996 0.359227830697555 2.86753262217934 0.00413686153517546 0.013729960711796
10.4141639604556 1.38064624376583 0.514128646475567 2.68541006853125 0.00724408668217339 0.0217425523790073
10.5900107667979 1.43819080957735 0.528733071044556 2.72006970688648 0.00652681558744476 0.0199343102580391
9.56777295023114 1.62325124688844 0.509293872934138 3.18725854198203 0.00143628324773697 0.00568369970810681
9.55935379498315 1.36908424303844 0.570459304642399 2.39996829203561 0.0163964920731683 0.0422925390776166
9.67657162934012 1.32112505581172 0.36098633250483 3.65976475243435 0.000252446899497697 0.00131461152470555
9.85651325773151 1.28643575729723 0.472490192861522 2.72267187072444 0.00647563401301547 0.0198066267169332
9.38469894239446 1.28316855459264 0.44092939223543 2.91014520054381 0.00361260878850759 0.0122695113596821
8.84435073839586 1.5504010658076 0.527199855402965 2.94082225159669 0.00327342313410251 0.0112899695849658
9.51321587787453 1.01939458589887 0.353313139230534 2.88524391739003 0.00391110506869794 0.0130938343227011
9.03485686000693 1.30598606234536 0.347170728327256 3.76179774325413 0.000168696443580439 0.000928050096519993
8.69031476442916 1.43100665941109 0.353453727248561 4.04863932416464 5.15162634543797e-05 0.00034204747998128
8.3538384465195 1.18056926295337 0.454529400288721 2.59734411504176 0.00939477525128092 0.0268861540550882
8.23152501672387 1.13987351852674 0.378887118033702 3.00847789294685 0.00262559903622189 0.00941376607590376
8.21558400219528 1.70471591554271 0.454459992096444 3.75108028251019 0.000176074305630582 0.000962469810598788
7.85967502406553 2.09061028892176 0.430771236295602 4.85317986154291 1.21497404431926e-06 1.30256307043996e-05
7.60033645157178 1.4659445844818 0.454748519184206 3.22363795073291 0.00126573316630429 0.00511461061793506
7.569704566713 1.72530513514412 0.513753622382753 3.35823449213316 0.00078442038407634 0.00344389621342834
7.56424028389434 1.34172736452792 0.412408888510204 3.25339099594775 0.00114036467377289 0.00469594614687178
